cmd: ./bin/tp1.out cad.r1000.p1000.xcsv
events: Ir
fl=./csu/../csu/libc-start.c
fn=__libc_start_main@@GLIBC_2.34
128 2
134 3
135 7
138 1
139 2
142 3
143 2
144 11
145 4
242 13
311 3
312 3
337 6
340 2
343 2
350 2
352 2
360 4
fl=./csu/../sysdeps/nptl/libc_start_call_main.h
fn=(below main)
29 9
44 3
46 2
51 2
52 2
55 2
58 6
74 2
fl=./csu/./csu/errno-loc.c
fn=__errno_location
25 10
26 20
27 10
fl=./csu/./csu/init-first.c
fn=_init_first
46 6
51 2
55 5
61 1
62 1
63 2
71 2
72 3
fl=./ctype/./ctype/ctype-info.c
fn=__ctype_init
29 1
31 7
33 4
35 4
36 1
fl=./debug/../sysdeps/x86_64/multiarch/ifunc-memmove.h
fn=__memcpy_chk
56 2
57 3
60 3
61 2
74 2
77 2
85 2
93 2
96 5
fn=__memmove_chk
56 2
57 3
60 3
61 2
74 2
77 2
85 2
93 2
96 5
fn=__mempcpy_chk
56 2
57 3
60 3
61 2
74 2
77 2
85 2
93 2
96 5
fl=./debug/../sysdeps/x86_64/multiarch/ifunc-memset.h
fn=__memset_chk
54 5
57 3
58 2
64 2
73 2
75 2
85 2
93 2
96 5
fl=./debug/../sysdeps/x86_64/multiarch/memcpy_chk.c
fn=__memcpy_chk
29 1
fl=./debug/../sysdeps/x86_64/multiarch/memmove_chk.c
fn=__memmove_chk
29 1
fl=./debug/../sysdeps/x86_64/multiarch/mempcpy_chk.c
fn=__mempcpy_chk
29 1
fl=./debug/../sysdeps/x86_64/multiarch/memset_chk.c
fn=__memset_chk
29 1
fl=./elf/../bits/stdlib-bsearch.h
fn=intel_check_word.constprop.0
27 96
28 48
29 744
31 648
32 348
35 264
37 120
fl=./elf/../elf/dl-tls.c
fn=_dl_add_to_slotinfo
1017 27
1023 3
1026 3
1027 3
1031 9
1065 6
1068 6
1069 9
1072 18
fn=_dl_allocate_tls_init
523 11
524 2
528 2
531 1
534 2
537 3
549 1
554 27
560 9
563 9
564 6
570 9
571 6
573 24
576 6
577 6
580 6
581 12
583 6
584 6
593 3
601 6
603 30
609 3
615 2
618 2
621 9
fn=_dl_allocate_tls_storage
365 1
369 1
370 1
371 2
374 1
380 2
417 7
419 1
430 1
431 1
432 2
440 6
441 1
445 305
464 1
470 7
fn=_dl_assign_tls_modid
125 12
128 6
141 3
181 3
183 3
186 3
187 6
fn=_dl_count_modids
192 1
194 2
195 1
210 2
fn=_dl_determine_tlsoffset
216 9
217 1
218 1
219 1
222 4
225 2
259 1
261 25
263 9
265 9
266 6
268 6
270 15
281 3
286 24
288 6
289 3
294 3
301 1
302 7
304 2
354 1
355 8
fn=_dl_tls_static_surplus_init
83 3
97 8
100 6
101 5
102 3
104 4
107 1
109 1
111 3
112 6
fl=./elf/../include/list.h
fn=__tls_init_tp
43 2
44 2
45 1
47 1
fl=./elf/../include/rtld-malloc.h
fn=__minimal_calloc
56 17
fn=_dl_allocate_tls_storage
44 2
56 1
fn=_dl_check_map_versions
44 18
fn=_dl_find_object_init
56 2
fn=_dl_important_hwcaps
56 4
fn=_dl_init_paths
56 5
fn=_dl_map_object_deps
56 12
fn=_dl_new_object
44 18
56 15
fn=do_lookup_x
44 13
fn=fillin_rpath.isra.0
50 2
51 1
56 2
fn=init_tls
44 2
fl=./elf/../include/scratch_buffer.h
fn=_dl_map_object_deps
77 2
78 1
85 3
131 20
fl=./elf/../misc/sbrk.c
fn=sbrk
37 6
40 1
58 2
62 2
78 5
fl=./elf/../nptl/nptl-stack.h
fn=__libc_early_init
61 8
fl=./elf/../sysdeps/generic/_itoa.h
fn=_dl_check_map_versions
76 36
fl=./elf/../sysdeps/generic/dl-cache.h
fn=_dl_load_cache_lookup
125 4
194 1
195 5
fl=./elf/../sysdeps/generic/dl-call_tls_init_tp.h
fn=init_tls
31 8
33 1
fl=./elf/../sysdeps/generic/dl-debug.h
fn=dl_main
29 4
30 1
fl=./elf/../sysdeps/generic/dl-hash.h
fn=__rtld_malloc_init_real
43 1
44 1
45 19
48 18
62 24
67 1
72 1
fl=./elf/../sysdeps/generic/dl-new-hash.h
fn=_dl_lookup_symbol_x
69 1939
70 3878
74 42182
77 84364
80 41209
81 82418
87 966
88 966
89 1932
90 966
99 40243
101 40243
102 80486
104 40243
105 40243
fl=./elf/../sysdeps/generic/dl-protected.h
fn=do_lookup_x
29 7712
fl=./elf/../sysdeps/generic/ldsodefs.h
fn=_dl_relocate_object
79 62
140 10365
fn=_dl_start
79 6
fn=do_lookup_x
139 3856
140 5784
fl=./elf/../sysdeps/nptl/dl-mutex.c
fn=__rtld_mutex_init
30 7
37 1
40 7
44 2
45 9
47 6
51 2
52 7
53 6
fl=./elf/../sysdeps/nptl/dl-tls_init_tp.c
fn=__tls_init_tp
68 5
69 1
72 1
75 4
76 2
77 1
82 2
87 4
90 1
93 3
105 4
121 3
128 2
129 3
fn=__tls_pre_init_tp
53 3
56 10
61 2
62 1
64 1
fn=rtld_mutex_dummy
42 178
44 356
fl=./elf/../sysdeps/nptl/pthread_early_init.h
fn=__libc_early_init
33 6
34 1
38 5
45 2
46 1
48 2
52 5
53 1
54 1
56 1
fl=./elf/../sysdeps/posix/dl-fileid.h
fn=_dl_map_object_from_fd
37 20
40 20
49 60
fl=./elf/../sysdeps/unix/sysv/linux/brk.c
fn=brk
36 1
37 1
38 2
44 1
45 1
fl=./elf/../sysdeps/unix/sysv/linux/brk_call.h
fn=brk
24 2
fl=./elf/../sysdeps/unix/sysv/linux/dl-osinfo.h
fn=dl_main
39 2
52 1
fl=./elf/../sysdeps/unix/sysv/linux/dl-parse_auxv.h
fn=_dl_sysdep_parse_arguments
32 2
33 1
34 1
41 85
42 40
43 40
45 1
46 2
47 2
48 2
49 1
51 2
52 2
53 2
54 2
56 2
fl=./elf/../sysdeps/unix/sysv/linux/dl-sysdep.c
fn=_dl_sysdep_parse_arguments
78 7
79 2
80 2
81 3
82 40
83 83
86 2
90 56
93 5
94 2
95 3
96 6
fn=_dl_sysdep_start
102 6
103 1
106 2
110 2
113 1
115 2
122 3
123 2
125 5
137 3
140 5
143 4
fn=_dl_sysdep_start_cleanup
147 1
148 1
fl=./elf/../sysdeps/unix/sysv/linux/dl-vdso-setup.h
fn=dl_main
30 1
33 1
36 1
39 1
45 1
fl=./elf/../sysdeps/unix/sysv/linux/dl-vdso.h
fn=dl_main
40 2
41 5
55 2
fl=./elf/../sysdeps/unix/sysv/linux/rseq-internal.h
fn=__tls_init_tp
32 3
34 7
37 2
40 1
fl=./elf/../sysdeps/unix/sysv/linux/x86/dl-hwcap2.h
fn=update_active.constprop.0
25 2
fl=./elf/../sysdeps/unix/sysv/linux/x86/dl-minsigstacksize.h
fn=get_common_indices.constprop.0
24 2
27 2
28 2
65 3
72 1
74 1
fl=./elf/../sysdeps/x86/cpu-features.c
fn=get_common_indices.constprop.0
398 3
402 4
405 5
409 1
410 4
411 4
412 4
413 3
414 2
421 2
423 9
428 8
435 2
436 7
442 2
457 3
fn=init_cpu_features.constprop.0
376 3
377 2
378 6
383 2
384 6
389 2
390 7
682 8
685 1
686 1
687 1
690 1
699 3
702 6
703 1
706 2
708 6
713 1
715 3
717 9
721 7
774 3
781 2
799 1
832 2
866 4
869 2
870 1
878 2
885 2
887 2
891 2
897 2
899 1
1001 3
1002 2
1005 2
1006 2
1012 1
1013 1
1014 1
1015 2
1019 4
1022 4
1028 3
1041 2
1042 4
1081 1
1082 2
1086 3
1103 2
1104 2
1106 3
1107 2
1109 3
1110 2
1113 2
1127 4
1129 4
1135 4
1142 8
fn=update_active.constprop.0
72 8
76 1
84 3
85 3
86 1
94 4
95 1
103 4
104 1
109 4
112 4
113 1
116 5
117 2
121 5
122 3
123 3
124 2
128 5
129 5
130 3
132 2
133 4
147 2
151 7
152 4
154 3
158 4
161 1
164 2
166 2
170 1
171 1
178 4
180 5
186 4
188 5
190 4
195 5
244 3
245 3
261 4
277 2
281 2
282 1
285 4
289 2
293 3
294 2
296 1
297 1
300 2
302 1
305 2
356 5
360 3
369 1
370 8
fl=./elf/../sysdeps/x86/dl-cacheinfo.h
fn=get_common_cache_info.constprop.0
571 11
586 1
587 1
588 2
589 1
590 2
596 3
598 7
601 2
613 1
618 3
622 2
627 5
630 24
637 8
640 26
645 2
649 3
650 2
654 2
658 3
661 4
662 1
667 4
673 4
681 6
683 2
685 4
687 12
689 1
690 1
691 9
693 4
696 7
701 1
703 4
704 3
705 1
708 2
711 2
718 1
720 4
721 1
726 2
731 2
732 1
733 2
734 1
759 3
770 5
771 5
775 2
782 1
783 2
784 1
785 7
fn=handle_intel.constprop.0
250 108
255 24
261 12
262 12
267 48
271 24
276 24
279 60
281 24
284 60
286 24
305 96
fn=init_cpu_features.constprop.0
792 1
793 1
795 1
809 2
811 3
812 3
813 3
814 2
817 3
819 3
820 2
822 3
824 3
825 1
827 3
829 3
830 2
832 3
834 3
836 3
838 5
894 2
895 2
896 2
897 2
898 2
899 2
900 1
901 1
902 1
903 1
904 1
905 1
907 1
910 3
924 3
925 7
930 2
931 6
932 2
939 3
959 6
968 2
969 2
974 12
987 5
995 7
997 2
1000 5
1002 2
1005 5
1006 5
1010 6
1011 3
1017 7
1020 11
1021 10
1022 13
1025 10
1027 10
1040 4
1042 2
1043 2
1044 1
1045 1
1046 1
1047 1
fn=intel_check_word.constprop.0
110 648
113 324
119 216
123 48
125 12
129 120
131 144
133 60
135 120
143 120
152 12
155 138
158 99
162 58
164 189
167 120
168 72
169 60
170 48
172 11
174 22
176 12
177 16
178 12
179 20
180 14
181 12
183 8
184 12
187 21
190 2
194 192
202 168
216 48
246 144
fl=./elf/../sysdeps/x86/dl-get-cpu-features.c
fn=__x86_cpu_features
39 3
71 3
fn=_dl_x86_init_cpu_features
37 1
39 3
41 1
fl=./elf/../sysdeps/x86/dl-isa-level.h
fn=_dl_load_cache_lookup
28 24
fl=./elf/../sysdeps/x86/dl-procinfo.h
fn=_dl_load_cache_lookup
39 8
42 28
fl=./elf/../sysdeps/x86/dl-prop.h
fn=_dl_map_object_from_fd
149 20
fn=_dl_process_pt_gnu_property
95 36
102 18
115 18
118 9
252 6
253 3
254 12
255 6
257 36
258 3
260 9
fn=dl_main
36 2
37 24
40 10
49 40
53 33
71 2
149 4
235 4
236 2
fl=./elf/../sysdeps/x86/get-isa-level.h
fn=_dl_hwcaps_subdirs_active
30 4
31 1
32 3
36 3
39 4
40 4
45 4
48 2
51 5
53 4
54 2
55 2
58 4
fn=update_active.constprop.0
28 1
30 4
31 1
32 3
36 3
38 1
39 2
40 4
45 4
47 1
48 2
51 5
53 4
54 2
55 2
57 1
58 4
fl=./elf/../sysdeps/x86_64/dl-cet.c
fn=_dl_cet_check
145 2
157 2
173 1
179 1
275 2
276 1
277 2
282 4
283 3
285 2
293 5
296 1
300 2
301 1
302 2
303 2
304 2
305 2
308 1
310 1
313 2
361 8
363 6
fn=_dl_cet_setup_features
331 1
334 2
350 1
fl=./elf/../sysdeps/x86_64/dl-hwcaps-subdirs.c
fn=_dl_hwcaps_subdirs_active
29 1
38 3
43 1
48 1
52 1
fl=./elf/../sysdeps/x86_64/dl-irel.h
fn=_dl_fixup
32 4
fl=./elf/../sysdeps/x86_64/dl-machine.h
fn=_dl_fixup
234 101
fn=_dl_relocate_object
81 30
87 8
91 6
97 2
108 6
129 4
132 4
134 8
267 6944
274 6944
278 6944
287 28180
290 6973
291 136
292 13844
317 20832
320 62
323 62
346 8
347 12
352 6
354 4
363 4
393 35
400 51
402 68
406 51
415 34
423 9670
436 7
460 9
464 12
465 12
466 15
467 6
476 136
478 68
479 68
498 3060
499 1020
503 2040
504 2040
514 2224
518 2224
521 3336
522 1112
730 14
734 8
fn=_dl_start
55 1
278 9
287 27
290 6
291 12
317 8
323 2
fn=_dl_sysdep_start
220 1
fl=./elf/../sysdeps/x86_64/dl-runtime.h
fn=_dl_fixup
28 101
fl=./elf/../sysdeps/x86_64/dl-trampoline.h
fn=_dl_runtime_resolve_xsave
71 101
76 101
79 101
81 101
91 101
97 101
98 101
99 101
100 101
101 101
102 101
103 101
107 101
108 101
111 101
112 101
114 101
115 101
116 101
117 101
118 101
119 101
121 101
128 101
129 101
130 101
131 101
136 101
137 101
138 101
140 101
141 101
142 101
143 101
144 101
145 101
146 101
148 101
150 101
154 101
156 101
fl=./elf/./dl-find_object.h
fn=_dl_find_object_from_map
95 14
96 14
97 7
103 35
104 203
105 140
107 21
112 7
fl=./elf/./dl-hwcaps.h
fn=_dl_important_hwcaps
43 9
45 7
46 1
77 8
78 8
79 7
fl=./elf/./dl-load.h
fn=_dl_map_object_from_fd
91 40
92 16
93 20
94 16
96 16
fl=./elf/./dl-main.h
fn=dl_main
109 5
fl=./elf/./dl-map-segments.h
fn=_dl_map_object_from_fd
28 15
29 45
81 5
101 5
102 15
105 15
106 10
108 10
125 5
135 120
137 60
139 150
149 80
155 10
156 5
157 15
158 10
160 10
165 10
168 15
176 35
182 10
186 16
189 4
194 20
fl=./elf/./dl-sym-post.h
fn=lookup_malloc_symbol
41 8
53 12
fl=./elf/./dl-tunable-types.h
fn=__GI___tunable_set_val
84 5
fl=./elf/./elf/dl-audit.c
fn=_dl_audit_activity_map
29 7
30 1
31 3
37 6
fn=_dl_audit_activity_nsid
41 2
45 8
46 2
47 10
fn=_dl_audit_objopen
77 5
78 20
fn=_dl_audit_preinit
118 1
119 4
fl=./elf/./elf/dl-cache.c
fn=_dl_cache_libcmp
357 72
358 422
360 567
362 197
368 16
369 12
370 169
372 169
374 8
380 370
382 370
383 96
386 153
387 153
390 48
fn=_dl_load_cache_lookup
191 64
205 4
208 32
210 40
211 8
213 20
220 76
222 200
223 64
227 96
231 96
232 64
240 16
242 8
245 8
247 24
249 4
259 8
269 12
270 16
286 28
295 8
298 8
301 4
302 12
330 8
346 28
347 13
349 15
403 40
405 8
408 12
411 5
419 5
420 8
423 6
424 1
431 1
432 2
477 9
482 12
485 12
500 8
512 12
513 60
514 16
515 4
516 32
fn=_dl_unload_cache
525 3
526 4
528 2
529 1
533 1
535 2
fl=./elf/./elf/dl-call-libc-early-init.c
fn=_dl_call_libc_early_init
27 7
29 2
33 5
37 2
39 4
40 2
41 3
fl=./elf/./elf/dl-call_fini.c
fn=_dl_call_fini
24 8
28 2
32 1
34 1
35 2
38 2
39 3
42 4
43 1
fl=./elf/./elf/dl-catch.c
fn=_dl_catch_error
254 12
256 2
257 2
258 2
259 2
261 6
fn=_dl_catch_exception
58 39
59 26
69 26
70 65
204 104
207 26
214 13
228 13
229 26
235 78
237 39
239 52
248 39
fn=_dl_receive_error
58 2
59 1
69 2
70 2
186 7
188 1
192 1
194 1
197 1
198 4
fl=./elf/./elf/dl-debug.c
fn=_dl_debug_initialize
56 3
57 1
59 2
61 2
63 3
64 1
85 3
90 3
91 2
92 1
95 3
96 6
99 2
107 2
fn=_dl_debug_state
116 2
117 2
fn=_dl_debug_update
38 6
40 12
41 6
44 12
48 6
fl=./elf/./elf/dl-deps.c
fn=_dl_map_object_deps
128 3
129 5
130 6
132 3
136 8
143 13
144 20
160 9
161 1
164 1
182 1
183 6
184 1
188 15
190 27
193 7
197 21
198 46
201 20
205 10
208 22
210 20
215 5
216 5
217 10
218 10
219 5
221 631
222 298
228 113
230 12
232 48
233 24
242 12
244 24
249 35
252 5
253 5
254 5
255 10
256 5
257 5
259 20
263 36
264 27
266 411
417 14
419 25
422 10
423 20
429 5
430 25
431 25
434 5
435 10
439 21
441 7
442 32
448 5
449 1
452 4
463 5
465 4
470 5
471 1
472 2
474 25
478 7
483 14
485 21
490 7
494 2
495 3
532 2
533 2
547 9
552 9
553 5
557 1
559 2
560 1
561 3
568 3
571 2
574 8
fn=openaux
61 72
64 132
65 12
68 12
69 36
fl=./elf/./elf/dl-environ.c
fn=_dl_next_ld_env_entry
28 3
29 3
32 124
34 80
35 18
37 2
40 4
42 2
45 38
fl=./elf/./elf/dl-find_object.c
fn=_dl_find_object_init
561 5
564 1
566 2
567 3
579 2
580 3
582 2
585 2
590 1
591 1
594 3
596 2
599 6
601 1
604 4
fn=_dlfo_process_initial
474 8
475 2
477 2
478 4
504 24
505 34
506 14
508 52
511 48
513 36
515 12
516 12
517 24
529 2
531 8
fn=_dlfo_sort_mappings
536 1
537 2
540 24
544 10
545 70
546 75
548 5
549 5
553 20
554 25
555 10
557 1
fl=./elf/./elf/dl-fini.c
fn=_dl_fini
26 11
43 1
46 9
49 2
51 1
54 2
56 5
61 1
63 4
68 18
73 25
75 14
77 14
79 14
80 7
81 7
85 7
87 6
88 6
94 6
103 2
108 6
110 1
112 2
114 4
fl=./elf/./elf/dl-hwcaps.c
fn=_dl_important_hwcaps
52 16
54 2
55 4
56 2
57 2
77 16
80 16
84 2
86 6
87 2
88 2
100 5
102 3
105 1
108 1
112 5
125 12
127 10
128 4
129 4
130 2
133 3
142 13
143 11
145 8
151 5
155 4
156 3
157 3
161 1
162 2
163 2
172 14
174 2
175 3
185 2
186 3
189 3
193 2
194 2
201 1
202 5
208 2
209 1
213 3
216 9
fl=./elf/./elf/dl-hwcaps_split.c
fn=_dl_hwcaps_split
25 5
26 3
27 1
47 4
fn=_dl_hwcaps_split_masked
26 44
30 24
34 78
35 12
36 24
41 36
42 18
43 12
45 6
51 110
55 5
56 18
57 27
58 24
60 6
62 88
67 12
fl=./elf/./elf/dl-init.c
fn=_dl_init
29 16
35 40
37 41
81 13
82 1
83 1
86 3
89 2
94 4
119 1
120 32
121 14
127 8
fn=call_init.part.0
26 84
43 21
46 21
47 2
51 12
59 18
60 24
63 6
64 12
70 15
72 10
73 117
74 92
76 56
fl=./elf/./elf/dl-load.c
fn=_dl_dst_count
238 108
241 24
244 24
245 12
264 108
fn=_dl_init_paths
706 13
720 4
725 1
727 3
734 3
735 2
739 4
741 4
747 1
748 1
756 8
758 8
759 4
761 5
762 7
763 4
766 13
767 10
768 18
770 32
776 1
777 1
782 1
785 3
787 4
789 3
806 1
808 3
822 2
825 5
827 23
831 2
832 60
833 14
834 28
836 1
837 1
838 2
844 6
847 3
853 1
857 8
fn=_dl_map_object
682 43
685 4
688 6
691 2
692 1
696 20
1967 156
1969 5
1975 26
1976 52
1979 272
1984 357
1986 255
1990 86
1991 129
1994 110
1995 66
1996 110
2010 20
2011 15
2019 15
2034 5
2036 25
2040 16
2042 8
2049 16
2053 4
2054 4
2058 15
2059 5
2073 20
2074 28
2075 4
2084 8
2099 8
2100 64
2106 12
2107 4
2115 4
2129 8
2131 12
2135 12
2137 8
2141 8
2149 8
2172 36
2176 12
2177 4
2194 8
2200 1
2201 4
2202 2
2203 2
2207 9
2210 3
2222 20
2267 10
2268 88
2270 122
fn=_dl_map_object_from_fd
944 70
959 20
989 95
990 40
1008 10
1036 20
1046 10
1053 40
1054 10
1065 10
1066 15
1067 10
1069 15
1070 20
1071 8
1074 17
1075 6
1086 5
1088 5
1090 110
1091 5
1092 5
1093 5
1094 5
1100 210
1101 507
1107 10
1114 13
1115 15
1116 50
1121 2
1122 1
1127 155
1135 100
1136 130
1137 100
1138 20
1139 40
1141 140
1143 40
1156 40
1157 75
1162 20
1163 205
1176 9
1180 12
1181 3
1185 15
1186 6
1189 3
1194 12
1209 10
1210 5
1213 15
1218 35
1228 95
1229 40
1235 10
1245 20
1252 35
1264 5
1268 20
1269 15
1275 14
1276 10
1278 10
1288 15
1307 15
1309 30
1361 15
1362 6
1368 170
1369 280
1375 80
1380 20
1393 10
1395 20
1397 10
1413 10
1417 10
1418 10
1435 10
1436 1
1439 10
1444 10
1449 10
1461 40
1462 12
1463 27
1464 9
1465 5
1471 10
1472 12
1477 6
1484 15
1487 10
1491 15
1492 15
1510 10
1514 35
1515 20
1519 45
fn=_dl_process_pt_gnu_property
868 18
869 12
870 6
876 12
882 30
885 18
886 12
887 12
890 18
891 18
895 6
896 12
900 18
901 9
904 18
907 9
908 36
918 18
920 24
fn=expand_dynamic_string_token
241 6
244 4
385 20
399 4
410 14
fn=fillin_rpath.isra.0
468 17
472 1
474 12
481 2
483 6
487 2
492 3
493 2
500 5
505 2
509 15
510 8
528 4
532 4
534 2
538 1
539 2
540 4
541 1
543 2
549 4
550 14
551 4
553 2
554 3
555 1
561 2
562 1
565 3
571 1
574 8
fn=open_path
1812 44
1813 8
1816 4
1817 4
1819 8
1822 8
1824 88
1827 8
1831 4
1835 24
1842 24
1843 88
1846 24
1851 66
1854 12
1860 18
1863 48
1865 18
1867 6
1872 6
1873 21
1879 9
1881 26
1882 2
1884 3
1891 38
1893 13
1937 32
1941 4
1943 16
1946 12
1960 36
fn=open_verify.constprop.0
1572 132
1604 33
1609 12
1623 55
1625 22
1633 5
1634 15
1639 30
1641 10
1643 10
1645 10
1651 10
1668 74
1749 10
1754 10
1760 20
1766 10
1772 20
1773 20
1777 16
1778 5
1799 99
fl=./elf/./elf/dl-lookup-direct.c
fn=_dl_lookup_direct
32 15
33 9
35 6
36 6
48 9
51 6
53 21
57 9
58 21
59 15
74 39
76 6
78 21
79 6
81 12
84 25
86 12
93 6
115 3
116 27
fl=./elf/./elf/dl-lookup.c
fn=_dl_lookup_symbol_x
772 25207
774 3878
775 7756
778 1939
782 7720
785 3878
787 3878
791 27201
792 32963
797 9695
799 66
816 1939
817 33
820 3878
821 13480
828 1972
856 7712
870 5784
871 2
873 3856
890 7712
892 17451
fn=check_match
70 29025
73 15480
78 16
86 9650
89 4586
93 1930
94 3860
96 3846
115 3846
116 15384
117 9605
118 4
119 4
144 14
146 42
147 28
150 2
151 7
153 3
161 1927
162 15480
fn=do_lookup_x
170 300
171 307
172 940
174 98
175 294
176 530
179 152
180 152
181 82
182 152
183 70
222 492
224 738
226 164
227 82
228 328
230 2694
231 486
234 352
235 176
254 352
257 95
258 285
259 322
262 1377
269 12
272 4
279 298
280 276
281 350
285 20
286 2
287 2
288 4
289 8
300 3
302 2
305 1
306 1
307 2
310 164
311 492
318 328
329 574
331 164
333 246
334 164
347 27146
348 1939
353 1939
354 1939
358 12368
361 12368
365 16268
386 12362
390 12362
396 18543
400 6181
401 6181
404 30905
405 18543
408 6181
409 12362
411 6181
412 5817
413 12362
415 13573
416 24724
419 43267
422 4014
423 6021
424 4014
426 4010
429 24930
431 5805
432 49145
433 3870
436 5805
439 9193
461 15416
470 625
472 2
476 3856
483 10204
487 3792
491 1
499 3692
500 1846
501 1928
518 12768
521 11
522 15512
fl=./elf/./elf/dl-minimal-malloc.c
fn=__minimal_calloc
80 85
84 17
87 17
88 51
fn=__minimal_free
97 3
99 12
fn=__minimal_malloc
36 336
37 126
42 3
43 2
44 2
48 167
51 282
56 12
57 12
59 3
60 24
62 6
64 12
65 9
67 8
70 43
71 46
73 252
fl=./elf/./elf/dl-minimal.c
fn=__rtld_malloc_init_real
76 10
86 2
87 1
89 1
91 6
92 5
93 5
94 4
99 1
100 1
101 1
102 1
103 8
fn=__rtld_malloc_init_stubs
42 1
43 2
44 2
45 2
46 2
47 1
fn=lookup_malloc_symbol
61 36
63 4
64 28
68 28
69 28
71 4
72 24
fn=strsep
239 2
242 4
244 2
245 4
247 2
249 47
251 28
254 56
256 84
264 14
267 1
271 4
fl=./elf/./elf/dl-misc.c
fn=_dl_higher_prime_number
87 2
124 2
125 2
127 26
129 80
130 30
131 6
133 7
145 2
146 2
fn=_dl_name_match_p
68 812
69 464
70 20
72 116
74 458
75 665
80 113
82 96
83 464
fn=_dl_sysdep_read_whole_file
36 11
39 3
40 2
42 6
44 2
47 2
49 8
60 3
63 8
fl=./elf/./elf/dl-object.c
fn=_dl_add_to_namespace_list
31 54
33 18
35 53
38 80
40 5
42 5
45 2
46 18
47 12
48 12
50 12
51 30
fn=_dl_new_object
59 90
62 12
64 2
66 3
67 2
71 6
77 2
80 10
83 26
87 10
92 5
95 12
98 6
99 6
100 12
103 12
104 42
106 6
119 28
123 5
125 1
127 42
130 12
131 12
132 6
136 6
139 40
141 20
149 12
150 6
153 1
155 36
157 20
160 14
164 24
168 35
176 1
179 12
189 24
191 20
195 15
199 10
200 10
208 5
212 5
245 20
250 168
251 168
255 10
256 5
259 5
263 54
fl=./elf/./elf/dl-reloc.c
fn=_dl_relocate_object
170 14160
171 6910
174 23395
175 19444
177 1621
178 6482
182 3668
183 1834
184 1834
186 14678
187 9140
188 3656
190 12935
193 1834
194 12838
196 1621
207 88
208 16
220 14
221 21
224 28
226 21
228 7
229 21
251 35
252 14
253 3
255 14
262 21
301 10279
304 35
328 7
331 14
348 21
350 64
356 42
359 14
363 14
364 42
fl=./elf/./elf/dl-runtime.c
fn=_dl_fixup
46 1111
48 505
49 303
54 101
55 404
56 707
58 202
63 202
67 202
69 101
71 303
75 303
76 404
77 303
84 101
85 303
95 1111
99 505
109 1010
124 404
125 8
133 303
159 303
163 808
fl=./elf/./elf/dl-setup_hash.c
fn=_dl_setup_hash
25 14
28 21
31 21
32 14
33 7
34 7
36 21
37 7
38 21
40 7
41 14
43 7
45 21
50 7
fl=./elf/./elf/dl-sort-maps.c
fn=_dl_sort_maps
140 64
181 2
182 4
183 52
184 28
211 34
216 4
218 2
219 10
221 44
223 14
226 40
244 8
263 8
276 8
283 2
298 26
306 6
310 18
fn=_dl_sort_maps_init
289 4
290 4
291 1
292 3
293 2
fn=dfs_traversal.part.0
135 126
140 70
143 14
145 42
147 186
156 49
171 42
172 14
173 90
fl=./elf/./elf/dl-tunables.c
fn=__GI___tunable_set_val
72 50
82 5
93 40
94 25
97 10
100 35
104 10
111 10
112 10
115 25
116 5
117 5
118 5
153 30
157 15
fn=__GI___tunables_init
42 205
45 40
48 3535
52 80
56 160
128 1
261 10
267 4
281 6560
283 2
287 11880
304 8
fn=__tunable_get_val
387 82
390 486
399 54
400 16
409 31
416 246
418 41
fl=./elf/./elf/dl-tunables.h
fn=__GI___tunable_set_val
141 10
142 10
151 5
fn=__GI___tunables_init
160 776
161 1870
fl=./elf/./elf/dl-version.c
fn=_dl_check_all_versions
392 7
394 1
396 26
397 7
398 63
401 7
fn=_dl_check_map_versions
36 202
37 53
38 337
56 196
64 147
70 147
86 49
87 98
89 49
94 1887
108 1642
110 49
113 392
120 2316
124 772
155 70
156 7
164 12
170 21
172 35
174 7
175 7
177 14
180 15
184 40
198 7
200 36
208 36
213 36
215 37
217 196
218 344
221 98
224 147
225 5
228 26
231 196
234 147
239 37
243 36
248 7
257 30
260 10
263 551
266 412
270 129
274 18
279 6
280 24
281 18
291 6
294 32
296 12
299 20
301 7
303 36
306 147
308 196
310 245
311 98
312 147
313 147
316 147
321 37
324 36
329 7
334 12
337 10
341 129
343 268
347 129
348 645
349 387
350 129
353 402
357 129
365 10
366 10
367 10
368 4
370 4
372 124
373 60
375 2
376 7
387 63
fl=./elf/./elf/do-rel.h
fn=_dl_relocate_object
49 42
50 42
51 7
53 70
72 8
73 9
80 42
83 3352
85 4448
96 12
97 4
114 36
123 3088
124 2040
126 36
129 40
131 14190
133 17670
134 14136
135 10602
136 14136
138 10602
141 272
142 68
143 68
147 3466
150 10421
151 186
164 24
165 285
166 252
169 204
171 272
172 68
173 136
180 31
182 42
183 12
185 18
193 6
196 18
211 7
fn=_dl_start
49 6
50 4
51 1
53 10
56 4
61 13
63 9
64 6
65 3
fl=./elf/./elf/get-dynamic-info.h
fn=_dl_map_object_from_fd
39 10
43 5
45 567
49 276
51 74
52 37
53 6
54 129
55 109
56 25
59 20
62 20
64 20
68 138
72 20
84 17
85 20
86 20
87 20
88 17
89 19
90 19
91 20
103 40
110 16
115 8
122 8
123 15
129 15
130 6
147 15
152 4
154 4
156 4
158 4
159 4
162 15
164 9
165 6
174 6
175 9
180 6
181 6
184 10
fl=./elf/./elf/libc-dl-profstub.c
fn=_dl_mcount_wrapper_check
36 128
37 384
38 128
fl=./elf/./elf/libc_early_init.c
fn=__libc_early_init
33 9
35 1
38 2
41 2
47 4
49 2
fl=./elf/./elf/rtld.c
fn=_dl_start
85 8
458 2
476 3
477 1
478 2
488 1
494 4
496 2
517 16
543 1
546 2
547 4
563 190
565 1
578 1
585 9
fn=dl_main
85 17
92 12
93 2
101 9
197 2
199 1
224 3
225 5
226 4
296 3
302 1
303 1
837 1
839 1
848 1
850 1
855 1
1115 1
1116 1
1118 1
1122 3
1124 1
1125 1
1140 1
1143 46
1144 117
1148 3
1153 3
1154 9
1163 2
1164 2
1166 1
1173 3
1191 2
1199 8
1200 17
1201 8
1202 1
1204 12
1205 14
1209 8
1210 8
1211 4
1215 12
1243 2
1247 3
1253 28
1254 61
1260 17
1266 4
1269 3
1271 3
1346 13
1351 1
1352 1
1357 1
1373 3
1374 4
1637 10
1639 2
1640 3
1641 2
1642 3
1646 2
1647 2
1672 3
1673 5
1674 3
1675 3
1678 1
1680 1
1681 1
1683 2
1684 2
1688 2
1690 2
1698 4
1705 2
1708 2
1733 4
1735 1
1740 2
1743 4
1744 4
1745 3
1746 1
1747 1
1748 1
1759 2
1760 2
1762 2
1764 1
1765 3
1770 5
1771 5
1773 3
1779 2
1788 2
1792 1
1793 2
1817 2
1823 1
1824 1
1825 1
1829 3
1834 3
1836 1
1838 2
1842 5
1847 2
1863 6
1939 4
1943 19
1944 1
1947 3
1948 1
1949 2
1950 2
1955 3
1965 9
1971 31
1972 18
1975 3
1976 2
1977 1
1979 26
1980 12
1984 2
1990 1
1992 3
1993 2
1995 2
1997 3
1999 3
2000 1
2001 2
2013 2
2014 2
2015 3
2026 5
2027 4
2028 5
2038 2
2039 2
2040 4
2042 2
2047 3
2246 3
2250 3
2256 2
2259 2
2267 2
2279 3
2282 3
2284 3
2285 6
2292 2
2293 30
2295 14
2300 14
2302 16
2304 1
2305 1
2308 7
2310 14
2311 48
2315 20
2316 9
2325 2
2329 4
2331 1
2338 4
2341 2
2345 3
2347 2
2357 1
2362 3
2365 1
2371 1
2372 5
2380 3
2387 1
2390 3
2394 3
2395 1
2396 1
2397 1
2401 1
2406 8
2538 1
2598 1
2600 2
2602 15
2604 2
2606 107
2607 19
2615 13
2640 2
2650 4
2652 2
2653 1
2687 5
2689 2
2690 2
2691 1
2727 5
2749 3
fn=handle_preload_list
183 3
806 1
810 2
811 2
812 1
814 1
816 6
817 3
825 3
869 13
870 3
874 5
877 4
878 3
880 4
881 2
887 1
889 2
891 2
892 1
895 9
fn=init_tls
734 4
736 2
740 3
746 2
749 1
750 1
751 1
755 1
757 1
761 2
762 2
763 18
764 7
765 14
769 9
771 3
773 3
776 2
779 1
786 2
787 2
793 2
797 1
800 5
fn=map_doit
641 6
643 4
644 6
646 3
fn=version_check_doit
674 6
676 6
680 3
fl=./elf/./get-dynamic-info.h
fn=_dl_start
45 75
49 36
51 10
52 5
54 20
55 16
56 5
59 4
62 4
64 4
68 18
72 3
84 4
85 3
86 4
87 4
88 5
89 3
90 4
91 4
103 10
110 3
123 3
129 3
130 3
133 2
134 3
139 5
142 5
fn=dl_main
39 4
43 1
45 115
49 56
51 12
52 6
54 25
55 21
56 5
59 4
62 4
64 4
68 28
72 7
84 3
85 5
86 5
87 5
88 4
89 5
90 5
91 5
103 9
110 3
115 2
122 3
123 4
129 3
147 4
152 2
154 2
156 2
158 2
159 2
162 4
164 3
165 2
174 2
175 3
180 2
181 3
184 3
fl=./elf/./setup-vdso.h
fn=dl_main
24 2
fl=./gmon/../sysdeps/posix/profil.c
fn=__profil_counter
42 5604
47 9807
49 2802
50 2306
fn=profil
66 18
75 8
78 8
82 6
84 1
85 7
88 2
103 1
104 3
105 1
106 1
109 2
115 1
117 6
120 1
121 7
122 2
123 4
124 20
fl=./gmon/../sysdeps/unix/sysv/linux/prof-freq.c
fn=__profile_frequency
26 1
27 2
28 1
fl=./gmon/../sysdeps/unix/sysv/linux/profil-counter.h
fn=__profil_counter
25 1401
32 1401
fl=./gmon/../sysdeps/unix/sysv/linux/sigsetops.h
fn=profil
62 1
fl=./gmon/../sysdeps/x86_64/_mcount.S
fn=mcount
26 1802837
28 1802837
30 1802837
32 1802837
34 1802837
36 1802837
38 1802837
40 1802837
42 1802837
47 1802837
49 1802837
50 1802837
53 1802837
55 1802837
57 1802837
59 1802837
61 1802837
63 1802837
65 1802837
67 1802837
69 1802837
fl=./gmon/./gmon/gmon.c
fn=_mcleanup
113 5
115 2
116 1
463 3
466 3
467 1
fn=monstartup
104 3
107 3
108 1
118 1
125 13
132 6
133 5
134 2
145 2
152 2
153 3
154 3
157 5
158 1
165 1
167 1
168 6
169 2
170 1
171 2
173 3
175 3
176 2
183 1
184 1
185 1
186 2
189 1
191 1
192 3
195 9
210 1
213 10
fn=write_gmon
377 11
381 2
382 2
393 5
fl=./gmon/./gmon/mcount.c
fn=__mcount_internal
64 1802837
76 7211348
85 1802837
86 3605674
97 3605672
101 5408508
102 1802836
103 3605672
107 1803073
108 158
112 79
113 158
114 79
115 79
116 79
119 3605514
120 5408261
124 1802747
125 1802747
134 36
141 30
142 20
145 20
146 10
147 10
148 20
149 10
156 6
157 4
173 1802837
174 1802837
fl=./iconv/./iconv/gconv_simple.c
fn=__gconv_btwoc_ascii
49 128
51 512
54 128
fl=./io/../sysdeps/unix/sysv/linux/access.c
fn=access
25 1
27 7
31 1
fl=./io/../sysdeps/unix/sysv/linux/close_nocancel.c
fn=__GI___close_nocancel
25 6
26 24
27 6
fn=__close_nocancel
25 2
26 8
27 2
fl=./io/../sysdeps/unix/sysv/linux/fstat64.c
fn=fstat
30 8
39 32
72 8
fl=./io/../sysdeps/unix/sysv/linux/fstatat64.c
fn=fstatat
91 6
146 6
160 4
161 11
162 1
fl=./io/../sysdeps/unix/sysv/linux/open64.c
fn=open
30 24
33 10
36 5
37 1
41 19
43 16
fl=./io/../sysdeps/unix/sysv/linux/open64_nocancel.c
fn=__open_nocancel
28 56
31 87
34 5
35 1
36 1
39 107
41 24
fl=./io/../sysdeps/unix/sysv/linux/pread64_nocancel.c
fn=__pread64_nocancel
25 4
26 8
27 2
fl=./io/../sysdeps/unix/sysv/linux/read.c
fn=read
25 134
26 818
27 134
fl=./io/../sysdeps/unix/sysv/linux/read_nocancel.c
fn=__read_nocancel
25 5
26 20
27 5
fl=./io/../sysdeps/unix/sysv/linux/stat64.c
fn=stat
28 6
29 12
fl=./io/../sysdeps/unix/sysv/linux/write.c
fn=write
25 7537
26 45399
27 7537
fl=./libio/../include/sys/sysmacros.h
fn=_IO_file_doallocate
47 6
fl=./libio/./libio/filedoalloc.c
fn=_IO_file_doallocate
78 22
84 18
86 8
89 2
91 2
94 2
97 8
101 6
102 4
104 8
105 2
106 18
fl=./libio/./libio/fileno.c
fn=fileno
32 134
35 670
42 134
fl=./libio/./libio/fileops.c
fn=_IO_do_write@@GLIBC_2.2.5
424 90446
426 52765
427 60298
434 15074
441 30148
444 7537
449 37685
450 37685
452 22611
453 15074
454 7537
455 16593
456 31667
fn=_IO_file_close
1165 2
1168 4
fn=_IO_file_close_it@@GLIBC_2.2.5
128 14
130 6
133 4
134 6
135 9
137 2
139 4
142 14
145 6
153 10
154 8
157 4
158 2
159 2
160 2
162 4
163 14
fn=_IO_file_finish@@GLIBC_2.2.5
168 12
169 4
175 6
176 6
fn=_IO_file_fopen@@GLIBC_2.2.5
213 24
214 1
222 4
224 18
227 1
228 2
247 24
281 10
284 4
287 8
288 4
357 24
fn=_IO_file_open
182 24
184 4
185 2
188 4
189 4
191 2
192 12
195 6
205 4
206 2
207 12
fn=_IO_file_overflow@@GLIBC_2.2.5
732 1694880
733 847440
740 1059296
743 4
745 4
746 12
755 6
764 6
765 2
766 2
767 2
768 2
769 6
771 6
772 10
773 2
775 423720
776 6040
777 214878
778 417680
779 12000
781 629520
782 626520
783 835360
784 12072
785 9054
787 208840
788 1268140
fn=_IO_file_stat
1147 2
1148 4
fn=_IO_file_sync@@GLIBC_2.2.5
793 21126
798 12072
800 3018
801 6036
812 6036
816 15090
fn=_IO_file_write@@GLIBC_2.2.5
1174 60296
1175 15074
1176 45222
1180 22611
1181 22611
1182 15074
1187 7537
1188 7537
1190 22611
1191 22611
1194 45222
fn=_IO_file_xsputn@@GLIBC_2.2.5
1198 189441
1200 20
1204 84196
1205 21049
1211 84196
1213 84156
1214 42058
1217 607068
1219 797928
1228 60
1229 18029
1232 9000
1234 42058
1236 105145
1237 21029
1238 63087
1240 42058
1244 18120
1250 6040
1251 15100
1253 9060
1264 6040
1265 12080
1267 9060
1268 189441
fn=_IO_new_file_init_internal
106 12
110 2
111 2
113 2
114 2
115 6
fl=./libio/./libio/genops.c
fn=_IO_default_finish
54 4
601 12
603 6
609 6
612 6
624 6
fn=_IO_default_xsputn
371 33220
373 6040
374 12080
375 3020
379 829368
381 19
382 38
384 38
386 76
387 38
397 19
399 2049260
401 204322
404 24160
fn=_IO_doallocbuf
343 16
344 4
346 6
347 10
350 12
fn=_IO_link_in
87 28
88 20
90 4
92 14
93 18
94 2
95 18
97 4
98 2
100 10
101 2
102 12
103 4
106 38
fn=_IO_no_init
563 22
564 2
565 2
566 4
568 2
572 12
579 2
581 2
587 2
588 12
fn=_IO_old_init
531 2
532 4
534 12
539 14
544 2
550 4
555 6
556 4
558 2
fn=_IO_setb
329 44
330 18
331 1
332 4
333 4
335 26
338 24
fn=_IO_un_link
53 4
54 8
82 4
fn=_IO_unsave_markers
937 12
939 4
944 6
946 6
fn=__GI__IO_un_link.part.0
52 20
58 12
59 20
60 2
61 26
63 6
65 6
66 6
74 4
76 20
77 2
78 12
79 4
82 18
fn=__overflow
199 22590
201 13554
203 13554
204 9036
fl=./libio/./libio/iofclose.c
fn=fclose@@GLIBC_2.2.5
34 16
48 6
49 2
51 26
52 4
53 6
57 8
58 6
71 4
76 14
fl=./libio/./libio/iofflush.c
fn=fflush
32 18108
33 6036
39 36216
40 15090
44 15090
fl=./libio/./libio/iofopen.c
fn=fopen@@GLIBC_2.2.5
37 4
65 4
67 6
70 4
72 14
73 4
74 4
75 14
85 18
87 14
fl=./libio/./libio/iofwrite.c
fn=fwrite
31 189270
32 42060
35 126180
37 294420
38 105149
39 147210
45 84120
46 21030
49 189270
fl=./libio/./libio/libioP.h
fn=_IO_default_xsputn
1025 411664
1026 408644
fn=_IO_do_write@@GLIBC_2.2.5
1025 22611
1026 15074
fn=_IO_doallocbuf
1025 6
1026 4
fn=_IO_file_close_it@@GLIBC_2.2.5
1025 6
1026 4
fn=_IO_file_doallocate
1025 6
1026 4
fn=_IO_file_xsputn@@GLIBC_2.2.5
1025 9060
1026 6040
fn=__overflow
1025 13554
1026 9036
fn=fclose@@GLIBC_2.2.5
951 8
952 8
958 4
979 8
980 18
1025 6
1026 4
fn=fflush
979 6036
980 24144
1025 9054
1026 6036
fn=fwrite
979 42060
980 189270
1025 42060
1026 42060
fl=./libio/./libio/putc.c
fn=putc
25 27162
28 6036
29 21126
34 15090
fl=./libio/./libio/vtables.c
fn=check_stdfiles_vtables
545 1
546 4
547 3
548 3
550 1
fl=./locale/./locale/newlocale.c
fn=newlocale
43 15
55 2
56 1
63 2
66 3
73 4
75 1
277 12
fl=./locale/./locale/uselocale.c
fn=uselocale
30 2
31 6
33 4
36 4
37 2
65 6
66 6
68 6
72 6
73 2
fl=./malloc/../string/bits/string_fortified.h
fn=calloc
59 3
fn=tcache_init.part.0
59 88
fl=./malloc/../sysdeps/unix/sysv/linux/not-cancel.h
fn=ptmalloc_init.part.0
97 6
fl=./malloc/./malloc/arena.c
fn=calloc
153 2
264 2
fn=free
153 529353
fn=malloc
153 11834
fn=ptmalloc_init.part.0
262 8
267 1
292 2
296 3
300 4
301 4
302 4
303 4
304 4
305 4
306 4
308 4
309 4
310 4
313 4
314 4
316 2
326 8
fl=./malloc/./malloc/malloc.c
fn=_int_free
1792 5919
1992 8940
3163 341064
3165 682128
3166 170532
3167 341064
4495 1235157
4499 529353
4505 705804
4506 352902
4510 882255
4517 352902
4518 1058706
4521 174557
4527 523671
4547 872785
4550 170532
4561 11838
4572 11920
4574 8940
4593 2980
4595 2980
4596 2980
4600 8940
4602 5960
4606 5960
4608 8940
4609 2980
4628 11920
4637 5878
4640 5878
4643 5878
4646 5878
4658 1055767
fn=_int_free_maybe_consolidate
4770 32329
4776 5878
4778 676
4779 336
4781 507
4784 845
4785 270
4798 32113
fn=_int_free_merge_chunk
1992 8817
4665 23512
4666 2939
4670 17634
4673 11756
4675 8817
4678 8817
4681 5878
4682 5878
4683 5878
4689 5878
4691 608
4692 608
4693 608
4694 2432
4696 1216
4701 8817
4702 20573
4714 5878
4720 5862
4721 1528
4722 1528
4724 2167
4732 2931
4733 11724
4734 5862
4736 2931
4738 5862
4740 8718
4743 2931
4744 2931
4746 8793
4747 2931
4756 8
4757 24
4758 16
fn=_int_malloc
1326 11838
1345 35514
1794 5919
1985 5607
2008 92
2017 2
2552 132
2553 22
2564 44
2589 88
2590 44
2599 256
2605 63
2608 66
2669 66
2677 44
2678 66
2691 66
2693 22
2699 110
2707 44
2709 88
2710 66
2711 22
2712 22
2715 44
2744 150
2745 1
2746 44
2752 176
2753 126
2755 4
2782 2
2783 1
2795 3
2814 2
2817 2
2818 6
2820 1
2821 6
2833 5
2873 1
2875 1
2876 5
2877 1
2888 3
2921 66
2922 22
2926 22
2930 110
2932 22
2933 22
2934 22
2935 154
2936 44
2938 22
3159 146
3163 170
3165 388
3166 170
3167 170
3168 146
3178 12
3182 24
3186 48
3190 24
3191 24
3199 12
3846 65109
3882 1
3887 11838
3914 11838
3916 11856
3919 2964
3921 5928
3930 8892
3977 5910
3979 6264
3980 6040
3982 9060
3984 75
3985 150
3987 75
3988 75
3989 75
3991 225
3997 150
3998 450
4003 594
4004 284
4006 146
4008 73
4009 73
4010 146
4012 73
4013 73
4020 75
4039 14545
4040 8697
4041 1764
4058 17530
4059 17532
4060 17532
4069 5388
4070 37163
4072 3857
4073 7714
4074 3857
4076 7714
4077 11571
4079 3857
4080 15428
4082 15428
4084 7714
4085 7714
4087 7714
4098 15428
4099 1612
4100 578
4101 289
4104 231
4105 231
4106 231
4107 693
4108 693
4109 462
4115 1848
4117 693
4118 231
4121 1240
4122 693
4123 231
4127 3626
4128 3626
4132 7252
4134 2018
4135 3027
4140 2018
4141 72
4144 10
4161 6525
4163 2640
4164 5280
4165 1320
4169 11697
4170 2695
4171 1297
4174 2594
4177 1196
4179 4784
4180 2392
4186 8
4187 2
4188 6
4192 3582
4193 5428
4195 1520
4196 4560
4199 1194
4202 2368
4205 40
4206 10
4207 20
4209 10
4210 30
4212 1194
4213 2388
4218 404
4221 18319
4222 2617
4223 2617
4224 2617
4225 2617
4230 5234
4231 5234
4232 5
4233 20
4240 10468
4246 2918
4248 12
4257 13812
4259 7608
4262 5706
4263 4607
4266 3
4267 23
4269 1
4273 6
4275 1
4276 2
4278 9
4279 9
4282 12
4284 3
4285 9
4330 4601
4331 9202
4332 9202
4333 9202
4334 27606
4339 20669
4343 34592
4346 32972
4348 1784
4349 892
4353 21392
4355 9245
4357 18490
4361 1451
4364 2902
4366 3270
4367 654
4368 654
4373 3188
4376 1609
4378 2391
4381 2391
4384 3188
4386 99
4387 297
4394 698
4399 2792
4400 1396
4403 698
4404 698
4405 698
4408 1396
4409 605
4410 1396
4412 22
4415 5584
4417 2094
4418 698
4421 797
4443 3804
4444 7608
4446 7608
4449 11412
4451 3782
4452 7564
4453 3782
4454 30256
4456 7564
4459 7570
4460 11421
4461 3807
4466 88
4482 22
4487 71028
fn=alloc_perturb
1985 12114
1987 4038
fn=calloc
3248 5
3699 9
3709 9
3717 2
3720 3
3722 2
3732 1
3733 3
3754 3
3756 10
3759 3
3784 1
3796 3
3799 5
3807 1
3809 2
3811 2
3837 7
fn=free
3359 1235157
3363 352902
3371 352902
3373 176451
3375 529353
3392 529353
3398 529353
3401 176451
3402 1058706
fn=malloc
1326 352906
1345 882265
3178 341072
3182 341072
3186 682144
3190 341072
3191 170536
3294 1411624
3301 352906
3311 352906
3313 705812
3316 352906
3318 523674
3326 11834
3328 23668
3329 29585
3354 1058718
fn=malloc_consolidate
4811 6804
4826 756
4828 1512
4839 756
4841 15120
4842 15120
4845 5958
4849 8937
4850 11916
4855 14895
4858 5958
4859 2979
4860 8937
4862 5958
4863 1761
4864 1761
4865 1761
4866 7044
4868 21132
4871 5958
4874 5958
4875 1459
4876 11672
4878 3040
4880 2979
4881 5958
4882 5958
4884 5958
4885 3428
4889 8937
4891 2979
4892 5897
4901 7630
4904 22680
4905 6048
fn=ptmalloc_init.part.0
1946 385
1949 381
1957 1
1958 1
1960 1
3143 2
fn=systrim.constprop.0
2957 324
2966 162
2968 54
2969 108
2970 48
2974 162
2975 54
2978 270
2980 108
2987 18
2988 24
3000 18
3001 12
3003 6
3005 12
3009 12
3012 6
3013 24
3015 12
3020 324
fn=tcache_init.part.0
3242 4
3251 8
3252 3
3253 2
3261 4
3270 2
3274 3
fn=unlink_chunk.isra.0
1608 10784
1610 26960
1613 10784
1614 10784
1616 21568
1619 5392
1620 5392
1621 21545
1623 296
1624 444
1627 296
1629 70
1633 140
1635 35
1636 70
1641 113
1642 113
1645 10784
fl=./malloc/./malloc/morecore.c
fn=__glibc_morecore
25 123
26 82
29 41
30 82
34 82
fl=./malloc/./malloc/scratch_buffer_set_array_size.c
fn=__libc_scratch_buffer_set_array_size
30 65
34 5
35 10
45 10
46 5
63 30
fl=./math/../sysdeps/x86_64/fpu/multiarch/e_asin.c
fn=__acos_finite@GLIBC_2.15
35 1
fn=__asin_finite@GLIBC_2.15
27 2
fl=./math/../sysdeps/x86_64/fpu/multiarch/e_atan2.c
fn=__atan2_finite@GLIBC_2.15
26 2
fl=./math/../sysdeps/x86_64/fpu/multiarch/e_exp.c
fn=__exp_finite@GLIBC_2.15
27 2
fl=./math/../sysdeps/x86_64/fpu/multiarch/e_exp2f.c
fn=exp2f@@GLIBC_2.27
27 2
fl=./math/../sysdeps/x86_64/fpu/multiarch/e_expf.c
fn=expf@@GLIBC_2.27
27 2
fl=./math/../sysdeps/x86_64/fpu/multiarch/e_log.c
fn=__log_finite@GLIBC_2.15
27 2
fl=./math/../sysdeps/x86_64/fpu/multiarch/e_log2.c
fn=log2@@GLIBC_2.29
27 2
fl=./math/../sysdeps/x86_64/fpu/multiarch/e_log2f.c
fn=log2f@@GLIBC_2.27
27 2
fl=./math/../sysdeps/x86_64/fpu/multiarch/e_logf.c
fn=logf@@GLIBC_2.27
27 2
fl=./math/../sysdeps/x86_64/fpu/multiarch/e_pow.c
fn=__pow_finite@GLIBC_2.15
27 2
fl=./math/../sysdeps/x86_64/fpu/multiarch/e_powf.c
fn=powf@@GLIBC_2.27
30 1
fl=./math/../sysdeps/x86_64/fpu/multiarch/ifunc-avx-fma4.h
fn=__atan2_finite@GLIBC_2.15
32 5
33 2
fn=__exp_finite@GLIBC_2.15
32 5
33 2
fn=__log_finite@GLIBC_2.15
32 5
33 2
fn=cos
32 5
33 2
fn=sin
32 5
33 2
fl=./math/../sysdeps/x86_64/fpu/multiarch/ifunc-fma.h
fn=__log1p
29 4
30 3
fn=cosf
29 4
30 3
fn=exp2f@@GLIBC_2.27
29 4
30 3
fn=expf@@GLIBC_2.27
29 4
30 3
fn=expm1
29 4
30 3
fn=log2@@GLIBC_2.29
29 4
30 3
fn=log2f@@GLIBC_2.27
29 4
30 3
fn=logf@@GLIBC_2.27
29 4
30 3
fn=powf@@GLIBC_2.27
29 4
30 4
fn=sincosf
29 4
30 3
fn=sinf
29 4
30 3
fl=./math/../sysdeps/x86_64/fpu/multiarch/ifunc-fma4.h
fn=__acos_finite@GLIBC_2.15
31 4
32 2
35 1
fn=__asin_finite@GLIBC_2.15
31 4
32 2
fn=__pow_finite@GLIBC_2.15
31 4
32 2
fn=sincos
31 4
32 2
fl=./math/../sysdeps/x86_64/fpu/multiarch/s_cosf.c
fn=cosf
26 2
fl=./math/../sysdeps/x86_64/fpu/multiarch/s_expm1.c
fn=expm1
26 2
fl=./math/../sysdeps/x86_64/fpu/multiarch/s_fma.c
fn=fma
49 6
fl=./math/../sysdeps/x86_64/fpu/multiarch/s_log1p.c
fn=__log1p
26 2
fl=./math/../sysdeps/x86_64/fpu/multiarch/s_sin.c
fn=cos
34 2
fn=sin
27 2
fl=./math/../sysdeps/x86_64/fpu/multiarch/s_sincos.c
fn=sincos
26 2
fl=./math/../sysdeps/x86_64/fpu/multiarch/s_sincosf.c
fn=sincosf
26 2
fl=./math/../sysdeps/x86_64/fpu/multiarch/s_sinf.c
fn=sinf
26 2
fl=./misc/../sysdeps/unix/syscall-template.S
fn=mprotect
117 35
122 7
fn=munmap
117 5
122 1
fl=./misc/../sysdeps/unix/sysv/linux/brk.c
fn=brk
36 29
37 58
38 58
44 29
45 29
fl=./misc/../sysdeps/unix/sysv/linux/brk_call.h
fn=brk
24 58
fl=./misc/../sysdeps/unix/sysv/linux/mmap64.c
fn=mmap
47 182
50 52
53 107
58 156
60 104
fl=./misc/../sysdeps/unix/sysv/linux/setvmaname.c
fn=__set_vma_name
33 12
35 11
40 7
47 1
49 6
fl=./misc/./misc/init-misc.c
fn=__init_misc
30 5
31 6
33 3
37 5
38 3
40 4
fl=./misc/./misc/sbrk.c
fn=sbrk
37 328
40 82
43 82
58 82
59 4
62 82
63 2
66 112
68 12
74 84
78 287
fl=./nptl/../sysdeps/nptl/futex-internal.h
fn=__pthread_once_slow
209 8
fl=./nptl/../sysdeps/unix/sysv/linux/x86/elision-conf.c
fn=__lll_elision_init
92 8
96 5
98 4
100 4
102 4
104 4
107 3
108 1
109 6
fl=./nptl/./nptl/cleanup_compat.c
fn=_pthread_cleanup_pop@@GLIBC_2.34
40 1
43 2
47 2
49 1
fn=_pthread_cleanup_push@@GLIBC_2.34
25 1
28 1
29 1
30 2
32 1
33 1
fl=./nptl/./nptl/libc-cleanup.c
fn=__libc_cleanup_pop_restore
54 4
55 4
57 8
59 4
60 12
71 4
fn=__libc_cleanup_push_defer
24 4
25 4
27 8
29 8
32 8
46 12
48 4
49 4
fl=./nptl/./nptl/pthread_mutex_conf.c
fn=__pthread_tunables_init
55 8
56 5
58 4
60 4
62 6
fl=./nptl/./nptl/pthread_mutex_lock.c
fn=pthread_mutex_lock@@GLIBC_2.2.5
44 1
45 7
46 1
77 5
80 3
82 1
84 2
88 2
97 2
108 4
112 1
115 2
124 1
130 3
131 2
179 1
182 1
184 1
187 1
190 3
fl=./nptl/./nptl/pthread_mutex_unlock.c
fn=pthread_mutex_unlock@@GLIBC_2.2.5
39 1
40 4
41 1
51 3
52 2
57 2
62 1
65 1
70 1
72 1
74 2
80 4
84 3
87 2
367 4
369 2
fl=./nptl/./nptl/pthread_once.c
fn=__pthread_once_slow
68 11
76 1
80 2
88 2
92 2
101 4
114 13
116 1
118 3
124 1
132 10
fn=pthread_once@@GLIBC_2.34
136 14
139 14
140 28
143 1
144 26
fl=./resource/../sysdeps/unix/sysv/linux/getrlimit64.c
fn=getrlimit
38 2
39 7
40 1
fl=./setjmp/../sysdeps/x86_64/bsd-_setjmp.S
fn=_setjmp
28 1
30 1
32 1
fl=./setjmp/../sysdeps/x86_64/setjmp.S
fn=__sigsetjmp
31 14
33 14
42 14
43 28
44 14
48 14
49 14
50 14
51 14
52 14
54 28
56 14
57 14
58 14
60 28
62 14
67 1
68 1
70 13
73 13
74 13
81 13
82 13
85 1
fl=./setjmp/./setjmp/sigjmp.c
fn=__sigjmp_save
28 6
29 1
30 2
34 4
fl=./signal/../string/bits/string_fortified.h
fn=__libc_sigaction
29 48
fl=./signal/../sysdeps/unix/sysv/linux/internal-signals.h
fn=sigaction
53 2
fl=./signal/../sysdeps/unix/sysv/linux/libc_sigaction.c
fn=__libc_sigaction
43 16
48 4
50 4
53 10
58 22
63 8
65 2
67 2
68 2
71 12
fl=./signal/./signal/sigaction.c
fn=sigaction
26 2
27 10
33 2
fl=./stdio-common/../include/printf_buffer.h
fn=__printf_buffer
163 4548536
164 94764
fn=__printf_buffer_flush
115 5880
fn=__printf_buffer_to_file_init
124 324896
127 162448
128 162448
137 324896
fl=./stdio-common/../libio/libioP.h
fn=__printf_buffer_to_file_done
1025 57
1026 38
fl=./stdio-common/../string/bits/string_fortified.h
fn=__printf_buffer_pad_1
59 71079
fn=__printf_buffer_write
29 7315554
fl=./stdio-common/./stdio-common/Xprintf_buffer_done.c
fn=__printf_buffer_done
25 162448
26 487344
31 324896
33 1949376
40 162448
fl=./stdio-common/./stdio-common/Xprintf_buffer_flush.c
fn=__printf_buffer_flush
61 14700
62 5880
66 5880
70 8820
71 2940
72 8820
fl=./stdio-common/./stdio-common/Xprintf_buffer_pad_1.c
fn=__printf_buffer_pad_1
24 213219
25 71073
33 118513
35 52
36 23693
37 47386
39 23691
40 71079
43 47386
44 142146
fl=./stdio-common/./stdio-common/Xprintf_buffer_write.c
fn=__printf_buffer_write
27 19493728
28 7310148
31 14623900
33 12200694
35 11708
36 2438518
37 4877036
40 7315554
41 2438518
44 14620296
fl=./stdio-common/./stdio-common/_itoa.c
fn=_itoa_word
169 1137134
172 4548536
174 2274268
183 68489858
192 2274268
fl=./stdio-common/./stdio-common/fprintf.c
fn=fprintf
27 2111824
31 974688
32 487344
36 812240
fl=./stdio-common/./stdio-common/printf-parse.h
fn=__printf_buffer
55 974694
65 324898
82 5360776
fl=./stdio-common/./stdio-common/printf_buffer_flush.c
fn=__printf_buffer_flush
41 20580
53 2940
54 2940
fl=./stdio-common/./stdio-common/printf_buffer_to_file.c
fn=__printf_buffer_flush_to_file
49 23520
51 11760
53 11760
65 2880
68 8820
72 2880
74 7200
86 4500
89 1500
91 3000
98 3000
99 3000
103 1500
104 16200
fn=__printf_buffer_to_file_done
51 649792
53 649792
58 57
59 114
65 158
66 79
68 487287
72 120
74 300
86 487107
89 162369
91 324738
98 36
99 36
103 162369
117 1299584
118 487344
121 324896
122 812240
fn=__printf_buffer_to_file_init
108 162448
109 324896
111 162448
112 162448
fn=__printf_buffer_to_file_switch
29 163967
30 819835
40 19
41 19
44 655868
45 163967
fl=./stdio-common/./stdio-common/vfprintf-internal.c
fn=__printf_buffer
600 2436720
627 812240
631 162448
634 162448
638 649792
642 162448
653 487344
654 324896
655 487344
659 324896
663 1299584
683 1137134
684 1137134
685 1137134
686 1137134
687 1137134
690 2274268
691 1137134
692 1137134
693 1137134
694 1137134
695 1137134
698 1137134
699 1137134
705 15919876
709 162449
813 162449
814 487347
840 487347
855 2111837
870 812240
871 13808080
876 812240
973 487344
1018 1137134
1024 1137134
1028 3411402
1029 2274268
1031 5198326
1044 1786928
fn=__vfprintf_internal
1522 2111824
1525 1137135
1529 812240
1540 324896
1543 649792
1544 812240
1545 487344
1567 1786928
fl=./stdio-common/./stdio-common/vfprintf-process-arg.c
fn=__printf_buffer
35 1137134
48 2274268
49 6822814
50 649788
52 649788
53 2599152
57 2274268
58 2274268
67 1137134
136 3248953
138 1949370
147 162449
155 17057010
161 10234206
166 6822804
170 2274268
186 5685670
187 9834016
195 6010568
197 3411402
199 4548536
201 7959938
206 2274268
208 4548536
211 2274268
224 2274268
233 2274268
236 2274268
240 5685670
fl=./stdlib/../stdlib/strtol.c
fn=__isoc23_strtol
125 2
126 10
fl=./stdlib/../stdlib/strtol_l.c
fn=____strtol_l_internal
238 26
252 2
257 2
258 4
264 4
292 2
295 8
304 12
306 4
310 2
311 4
316 4
320 4
335 4
342 4
345 8
393 2
394 2
395 2
449 10
451 30
453 15
477 2
478 2
481 15
484 20
489 9
490 15
495 4
500 6
501 2
506 4
507 4
509 6
524 2
546 16
fl=./stdlib/./stdlib/cxa_atexit.c
fn=__cxa_atexit
41 26
43 104
44 26
46 26
52 39
53 13
54 13
55 13
56 13
57 52
58 13
67 91
69 78
fn=__new_exitfn
80 65
81 13
86 26
91 82
93 52
94 60
101 1
104 24
122 1
123 1
129 36
130 24
134 1
136 13
137 13
141 65
fl=./stdlib/./stdlib/cxa_finalize.c
fn=__cxa_finalize
30 10
33 7
36 4
40 39
41 26
43 2
45 1
76 1
78 3
81 4
82 3
fl=./stdlib/./stdlib/cxa_thread_atexit_impl.c
fn=__call_tls_dtors
148 5
149 4
165 4
fl=./stdlib/./stdlib/exit.c
fn=__run_exit_handlers
38 12
40 2
41 2
43 5
54 2
56 2
64 3
66 2
67 1
69 7
94 2
101 1
102 1
103 1
104 3
107 4
108 3
fn=exit
137 3
138 4
fl=./stdlib/./stdlib/getenv.c
fn=getenv
24 18
25 16
28 4
29 326
31 160
32 36
37 18
fl=./stdlib/./stdlib/secure-getenv.c
fn=secure_getenv
28 1
29 5
fl=./string/../include/rtld-malloc.h
fn=strdup
56 12
fl=./string/../string/strcspn.c
fn=strcspn
32 6
33 3
34 2
39 6
40 4
41 4
42 4
44 1
47 9
48 6
51 4
52 4
53 4
54 4
56 3
61 13
62 26
63 26
64 26
65 13
67 78
69 1
70 4
71 3
fl=./string/../string/strstr.c
fn=__GI_strstr
77 24
82 6
84 10
85 4
86 4
161 24
fl=./string/../sysdeps/x86/cacheinfo.c
fn=__x86_cacheinfo
86 1
fl=./string/../sysdeps/x86/cacheinfo.h
fn=__x86_cacheinfo
59 1
62 3
64 3
65 1
71 3
73 3
74 1
78 2
80 2
81 2
82 2
84 2
86 2
fl=./string/../sysdeps/x86_64/multiarch/../multiarch/memcmp-sse2.S
fn=bcmp
59 1
71 1
72 1
94 1
95 1
140 1
141 1
143 1
144 1
146 1
147 1
149 1
150 1
197 1
198 1
199 1
200 1
201 1
202 1
fl=./string/../sysdeps/x86_64/multiarch/../multiarch/memset-vec-unaligned-erms.S
fn=memset
132 12
133 60
138 12
139 12
142 5
143 5
145 1
146 1
147 1
244 4
245 4
257 4
260 4
261 4
273 4
274 4
287 4
288 4
290 4
293 3
296 6
299 93
300 93
301 93
302 93
303 93
304 93
305 93
308 4
309 4
310 4
311 4
316 4
350 7
352 7
353 7
392 7
393 7
395 7
fl=./string/../sysdeps/x86_64/multiarch/../multiarch/strchr-sse2.S
fn=index
32 28
33 28
34 28
35 28
36 28
37 28
38 28
39 28
40 28
41 28
42 28
43 28
44 28
45 28
46 28
47 28
48 28
49 28
50 23
54 23
55 23
56 23
57 23
59 23
63 5
64 5
65 5
66 5
67 5
68 5
69 5
70 5
71 5
72 5
73 5
74 5
75 5
76 5
77 5
78 5
79 5
80 5
81 5
82 5
83 5
84 5
85 5
86 5
138 5
142 5
143 5
144 5
145 5
147 5
fl=./string/../sysdeps/x86_64/multiarch/../multiarch/strcmp-sse2.S
fn=strcmp
98 2377
131 2377
132 2377
134 2377
135 2377
156 2377
157 2377
158 2204
159 2204
160 2086
161 2086
162 2086
163 2086
180 2086
181 2086
182 2086
183 2086
184 2086
185 2086
186 2086
191 31
192 93
201 322
202 322
203 322
204 322
205 322
206 322
207 322
208 322
209 236
210 91
211 91
212 91
214 236
215 236
216 236
217 236
218 236
219 236
229 86
230 86
231 86
233 86
239 86
240 86
241 86
242 86
243 86
248 86
250 73
251 73
252 146
260 75
261 75
264 75
265 75
266 75
267 75
268 75
269 75
275 3
276 3
277 3
280 3
281 3
282 3
283 3
284 3
285 3
290 2
291 2
300 6
301 6
302 6
303 6
304 6
306 6
307 6
308 6
309 6
310 6
311 6
312 6
313 6
316 6
317 6
318 6
324 6
325 6
326 12
330 6
331 6
334 6
335 6
336 6
338 6
339 6
340 6
344 6
345 6
346 6
347 6
348 6
349 6
661 2
662 2
663 2
664 2
665 2
667 2
668 2
669 2
670 2
671 2
672 2
673 2
674 1
678 1
679 1
680 1
686 1
687 1
688 2
692 1
693 1
696 1
697 1
698 1
700 1
701 1
702 1
706 1
707 1
708 1
709 1
710 1
711 1
780 4
781 4
782 4
783 4
784 4
786 4
787 4
788 4
789 4
790 4
791 4
792 4
793 2
797 2
798 2
799 2
805 2
806 2
807 4
811 3
812 3
815 3
816 3
817 3
819 3
820 3
821 3
825 3
826 3
827 3
828 3
829 3
830 3
837 2
838 2
840 2
841 2
843 2
844 2
845 2
847 2
848 2
849 2
853 2
854 2
855 2
856 2
857 2
858 2
865 1
866 1
867 1
899 6
900 6
901 6
902 6
903 6
905 6
906 6
907 6
908 6
909 6
910 6
911 6
912 5
916 5
917 5
918 5
924 5
925 5
926 10
930 5
931 5
934 5
935 5
936 5
938 5
939 5
940 5
944 5
945 5
946 5
947 5
948 5
949 5
956 1
957 1
959 1
960 1
962 1
963 1
964 1
966 1
967 1
968 1
972 1
973 1
974 1
975 1
976 1
977 1
1018 11
1019 11
1020 11
1021 11
1022 11
1024 11
1025 11
1026 11
1027 11
1028 11
1029 11
1030 11
1031 9
1035 9
1036 9
1037 9
1043 9
1044 9
1045 18
1049 10
1050 10
1053 10
1054 10
1055 10
1057 10
1058 10
1059 10
1063 10
1064 10
1065 10
1066 10
1067 10
1068 10
1075 1
1076 1
1078 1
1079 1
1081 1
1082 1
1083 1
1085 1
1086 1
1087 1
1091 1
1092 1
1093 1
1094 1
1095 1
1096 1
1103 1
1104 1
1105 1
1137 17
1138 17
1139 17
1140 17
1141 17
1143 17
1144 17
1145 17
1146 17
1147 17
1148 17
1149 17
1150 10
1154 10
1155 10
1156 10
1162 10
1163 10
1164 20
1168 13
1169 13
1172 13
1173 13
1174 13
1176 13
1177 13
1178 13
1182 13
1183 13
1184 13
1185 13
1186 13
1187 13
1194 5
1195 5
1197 5
1198 5
1200 5
1201 5
1202 5
1204 5
1205 5
1206 5
1210 5
1211 5
1212 5
1213 5
1214 5
1215 5
1222 3
1223 3
1224 3
1256 14
1257 14
1258 14
1259 14
1260 14
1262 14
1263 14
1264 14
1265 14
1266 14
1267 14
1268 14
1269 3
1273 3
1274 3
1275 3
1281 3
1282 3
1283 6
1287 4
1288 4
1291 4
1292 4
1293 4
1295 4
1296 4
1297 4
1301 4
1302 4
1303 4
1304 4
1305 4
1306 4
1313 2
1314 2
1316 2
1317 2
1319 2
1320 2
1321 2
1323 2
1324 2
1325 2
1329 2
1330 2
1331 2
1332 2
1333 2
1334 2
1341 1
1342 1
1343 1
1375 10
1376 10
1377 10
1378 10
1379 10
1381 10
1382 10
1383 10
1384 10
1385 10
1386 10
1387 10
1388 9
1392 9
1393 9
1394 9
1400 9
1401 9
1402 18
1406 9
1407 9
1410 9
1411 9
1412 9
1414 9
1415 9
1416 9
1420 9
1421 9
1422 9
1423 9
1424 9
1425 9
1494 28
1495 28
1496 28
1497 28
1498 28
1500 28
1501 28
1502 28
1503 28
1504 28
1505 28
1506 28
1507 8
1511 8
1512 8
1513 8
1519 8
1520 8
1521 16
1525 9
1526 9
1529 9
1530 9
1531 9
1533 9
1534 9
1535 9
1539 9
1540 9
1541 9
1542 9
1543 9
1544 9
1551 2
1552 2
1554 2
1555 2
1557 2
1558 2
1559 2
1561 2
1562 2
1563 2
1567 2
1568 2
1569 2
1570 2
1571 2
1572 2
1579 1
1580 1
1581 1
1613 31
1614 31
1615 31
1616 31
1617 31
1619 31
1620 31
1621 31
1622 31
1623 31
1624 31
1625 31
1626 6
1630 6
1631 6
1632 6
1638 6
1639 6
1640 12
1644 7
1645 7
1648 7
1649 7
1650 7
1652 7
1653 7
1654 7
1658 7
1659 7
1660 7
1661 7
1662 7
1663 7
1670 3
1671 3
1673 3
1674 3
1676 3
1677 3
1678 3
1680 3
1681 3
1682 3
1686 3
1687 3
1688 3
1689 3
1690 3
1691 3
1698 1
1699 1
1700 1
1732 41
1733 41
1734 41
1735 41
1736 41
1738 41
1739 41
1740 41
1741 41
1742 41
1743 41
1744 41
1745 22
1749 22
1750 22
1751 22
1757 22
1758 22
1759 44
1763 25
1764 25
1767 25
1768 25
1769 25
1771 25
1772 25
1773 25
1777 25
1778 25
1779 25
1780 25
1781 25
1782 25
1789 7
1790 7
1792 7
1793 7
1795 7
1796 7
1797 7
1799 7
1800 7
1801 7
1805 7
1806 7
1807 7
1808 7
1809 7
1810 7
1817 3
1818 3
1819 3
1851 39
1852 39
1853 39
1854 39
1855 39
1857 39
1858 39
1859 39
1860 39
1861 39
1862 39
1863 39
1864 16
1868 16
1869 16
1870 16
1876 16
1877 16
1878 32
1882 22
1883 22
1886 22
1887 22
1888 22
1890 22
1891 22
1892 22
1896 22
1897 22
1898 22
1899 22
1900 22
1901 22
1908 6
1909 6
1911 6
1912 6
1914 6
1915 6
1916 6
1918 6
1919 6
1920 6
1924 6
1925 6
1926 6
1927 6
1928 6
1929 6
1936 6
1937 6
1938 6
1970 27
1971 27
1972 27
1973 27
1974 27
1976 27
1977 27
1978 27
1979 27
1980 27
1981 27
1982 27
1984 6
1988 6
1989 6
1990 6
1996 6
1997 6
1999 12
2003 7
2004 7
2007 7
2008 7
2009 7
2011 7
2012 7
2013 7
2017 7
2018 7
2019 7
2020 7
2021 7
2022 7
2029 1
2030 1
2032 1
2033 1
2035 1
2036 1
2037 1
2039 1
2040 1
2041 1
2045 1
2046 1
2047 1
2048 1
2049 1
2050 1
2057 1
2058 1
2059 1
2093 176
2095 322
2096 322
2097 322
2098 322
2099 182
2104 2377
2110 2377
2111 2377
2119 2377
2120 2377
fn=strncmp
98 1
125 1
126 1
127 1
128 1
129 1
131 1
132 1
134 1
135 1
156 1
157 1
158 1
159 1
160 1
161 1
162 1
163 1
180 1
181 1
182 1
183 1
184 1
185 1
186 1
2104 1
2107 1
2108 1
2110 1
2111 1
2119 1
2120 1
fl=./string/../sysdeps/x86_64/multiarch/../multiarch/strlen-sse2.S
fn=strlen
57 30
101 30
102 30
103 30
104 30
105 30
106 30
107 30
109 30
111 30
142 29
143 29
144 29
145 29
146 29
147 15
149 15
153 14
154 14
155 14
156 14
157 14
158 14
159 14
160 14
161 14
162 14
163 14
164 14
169 112
173 1
174 14
175 6
190 1
191 1
192 2
243 1
244 1
245 1
246 1
247 1
248 1
249 1
250 1
266 1
268 1
269 14
271 1
272 1
273 1
275 1
fl=./string/../sysdeps/x86_64/multiarch/ifunc-avx2.h
fn=memrchr
38 4
40 3
41 2
42 3
45 2
46 2
49 3
52 6
fn=rindex
38 4
40 3
41 2
42 3
45 2
46 2
49 3
52 6
fn=strchrnul
38 4
40 3
41 2
42 3
45 2
46 2
49 3
52 6
fn=strlen
38 8
40 6
41 4
42 6
45 4
46 4
49 6
52 12
fn=strnlen
38 8
40 6
41 4
42 6
45 4
46 4
49 6
52 12
fl=./string/../sysdeps/x86_64/multiarch/ifunc-evex.h
fn=memchr
37 8
38 6
39 6
42 4
43 4
45 4
51 6
54 8
fl=./string/../sysdeps/x86_64/multiarch/ifunc-memcmp.h
fn=bcmp
34 10
35 4
36 4
37 6
40 4
41 4
44 6
47 8
fl=./string/../sysdeps/x86_64/multiarch/ifunc-memmove.h
fn=memcpy@@GLIBC_2.14
56 4
57 6
60 6
61 4
74 4
77 4
85 4
93 4
96 10
fn=memmove
56 2
57 3
60 3
61 2
74 2
77 2
85 2
93 2
96 5
fn=mempcpy
56 2
57 3
60 3
61 2
74 2
77 2
85 2
93 2
96 5
fl=./string/../sysdeps/x86_64/multiarch/ifunc-memset.h
fn=memset
54 5
57 3
58 2
64 2
73 2
75 2
85 2
93 2
96 5
fl=./string/../sysdeps/x86_64/multiarch/ifunc-sse4_2.h
fn=strcspn
36 5
fn=strpbrk
36 5
fn=strspn
36 5
fl=./string/../sysdeps/x86_64/multiarch/ifunc-strcasecmp.h
fn=strcasecmp
36 4
37 2
38 3
41 2
42 2
45 3
48 5
fn=strcasecmp_l
36 4
37 2
38 3
41 2
42 2
45 3
48 5
fn=strncasecmp
36 4
37 2
38 3
41 2
42 2
45 3
48 5
fn=strncasecmp_l
36 4
37 2
38 3
41 2
42 2
45 3
48 5
fl=./string/../sysdeps/x86_64/multiarch/ifunc-strcpy.h
fn=stpcpy
38 4
39 3
42 2
43 2
46 3
49 3
fn=strcat
38 4
39 3
42 2
43 2
46 3
49 3
fn=strcpy
38 4
39 3
42 2
43 2
46 3
49 3
fl=./string/../sysdeps/x86_64/multiarch/ifunc-strncpy.h
fn=stpncpy
35 5
36 3
39 2
40 2
43 3
46 4
fn=strncpy
35 5
36 3
39 2
40 2
43 3
46 4
fl=./string/../sysdeps/x86_64/multiarch/memchr-avx2.S
fn=__memchr_avx2
61 1139
68 1139
70 1139
73 1139
74 1139
76 1139
77 1139
78 1139
79 1139
82 1133
83 1133
86 1133
87 1133
89 1133
90 1133
91 8
92 8
94 16
121 7
122 7
123 7
124 14
133 4
134 4
135 4
136 8
140 6
141 6
142 6
143 12
148 4
149 4
150 4
151 8
161 1131
162 1131
163 1131
165 1131
175 1131
176 1131
179 1131
180 1131
182 1119
183 1119
185 1112
186 1112
187 1112
188 1112
190 1108
191 1108
192 1108
193 1108
195 1102
196 1102
197 1102
198 1102
202 1098
203 1098
206 1084
207 1084
208 1084
209 1084
214 2168
224 8123
225 8123
226 8123
227 8123
228 8123
229 8123
230 8123
232 8123
238 8123
239 8123
241 7147
243 7147
244 7147
248 108
249 216
257 120
258 120
261 120
262 120
266 121
267 121
270 11
271 11
272 11
273 11
274 11
275 1
276 1
278 222
286 976
287 976
288 976
290 731
291 731
292 731
294 490
296 490
297 490
298 490
302 490
304 490
305 980
321 10
322 20
327 245
331 245
333 245
334 490
338 241
342 241
344 241
345 482
350 14
351 14
356 14
358 14
359 14
362 14
363 19
366 13
367 13
368 13
369 13
371 13
372 13
375 13
376 13
379 13
380 13
384 13
385 13
387 9
388 9
390 9
391 9
392 9
397 26
412 6
415 6
416 6
417 6
420 6
421 6
428 6
431 6
432 6
434 6
435 6
fl=./string/../sysdeps/x86_64/multiarch/memchr.c
fn=memchr
29 4
fl=./string/../sysdeps/x86_64/multiarch/memcmp-avx2-movbe.S
fn=__memcmp_avx2_movbe
73 50557
80 50557
81 50557
84 16813
85 16813
86 16813
90 16813
91 16813
93 1
94 1
97 1
98 1
99 1
102 1
103 1
106 1
107 1
110 1
111 1
112 1
113 1
114 1
115 1
116 1
117 1
118 1
119 1
122 1
123 1
129 1
130 1
131 1
132 1
136 1
137 1
139 1
140 1
141 1
142 1
145 1
146 1
147 1
148 1
149 1
150 1
152 2
156 50533
166 50533
167 50533
168 50533
171 101066
401 33744
402 33744
407 33744
408 33744
409 33744
410 33744
411 33744
414 32711
415 32711
416 32711
417 32711
420 32711
421 32711
422 10
423 20
429 1033
430 1033
432 13
433 13
463 13
464 13
466 13
476 13
477 13
478 13
479 13
512 1020
513 1020
514 1020
515 1020
516 1020
fl=./string/../sysdeps/x86_64/multiarch/memcmp.c
fn=bcmp
29 8
fl=./string/../sysdeps/x86_64/multiarch/memcmpeq.c
fn=memcpy@@GLIBC_2.14
29 2
fl=./string/../sysdeps/x86_64/multiarch/memmove-vec-unaligned-erms.S
fn=__memcpy_avx_unaligned_erms
255 2903163
256 2903163
262 2924211
263 2924211
265 226713
266 226713
267 226713
270 124067
271 124067
272 124067
275 248134
305 2697498
306 2697498
308 2575349
309 2575349
311 2125545
315 2125545
316 1961263
317 1961263
318 1961263
319 1961263
320 485251
321 485251
323 1961263
325 1961263
331 164282
332 164282
333 164282
334 164282
335 164282
342 122149
343 122149
344 122149
345 122149
347 122149
364 449804
365 449804
366 449804
367 449804
368 449804
375 6918
376 6918
377 6918
378 6918
379 6918
380 6918
381 13836
386 102646
387 102646
392 102646
393 102646
395 7954
396 7954
397 7954
399 1036
400 1036
401 1036
402 1036
403 1036
404 1036
405 1036
406 1036
407 1036
408 1036
409 1036
410 1036
411 1036
412 1036
413 2072
417 94692
418 94692
422 94692
424 94692
428 94692
429 94692
440 94692
443 94692
445 94692
447 94692
451 94692
452 94692
461 89910
462 89910
464 89910
466 89910
467 89910
468 89910
471 89910
473 89910
475 89910
477 179820
483 625639
484 625639
485 625639
486 625639
487 625639
488 625639
489 625639
490 625639
491 625639
492 625639
493 625639
494 625639
496 89910
497 89910
498 89910
499 89910
501 89910
505 179820
518 4782
519 4782
521 4782
522 4782
523 4782
525 4782
527 4782
529 9564
535 33538
536 33538
537 33538
538 33538
539 33538
540 33538
541 33538
542 33538
543 33538
544 33538
545 33538
546 33538
548 4782
549 4782
550 4782
551 4782
553 4782
554 9564
fn=__mempcpy_avx_unaligned_erms
242 21048
243 21048
244 21048
245 21048
fn=memcpy
210 34
211 34
217 61
218 61
220 32
221 32
222 32
224 15
225 15
226 15
228 15
308 29
309 29
311 7
315 7
316 7
317 7
318 1
319 1
323 1
325 7
364 22
365 22
366 22
367 22
368 22
375 15
376 15
377 15
378 15
379 15
380 15
381 15
392 17
393 17
395 15
396 15
397 15
417 2
418 2
422 2
424 2
440 2
443 2
445 2
447 2
451 2
452 2
461 2
462 2
464 2
466 2
467 2
468 2
471 2
473 2
475 2
477 2
483 6
484 6
485 6
486 6
487 6
488 6
489 6
490 6
491 6
492 6
493 6
494 6
496 2
497 2
498 2
499 2
501 2
505 2
fn=mempcpy
197 27
198 27
199 27
200 27
fl=./string/../sysdeps/x86_64/multiarch/memmove.c
fn=memmove
29 1
fl=./string/../sysdeps/x86_64/multiarch/mempcpy.c
fn=mempcpy
33 1
fl=./string/../sysdeps/x86_64/multiarch/memrchr.c
fn=memrchr
29 3
fl=./string/../sysdeps/x86_64/multiarch/memset-vec-unaligned-erms.S
fn=__memset_avx2_unaligned_erms
158 23694
159 47388
164 23694
165 23694
166 1
167 1
168 1
237 1
238 1
325 1
326 1
327 1
328 39945
329 1
330 2
337 23693
346 23693
347 23693
352 23693
353 23693
354 23693
355 23693
356 23671
357 23671
358 21379
359 21379
361 21379
403 22
404 22
409 22
416 2292
417 2292
418 2292
423 2292
fl=./string/../sysdeps/x86_64/multiarch/memset.c
fn=memset
29 1
fl=./string/../sysdeps/x86_64/multiarch/stpcpy.c
fn=stpcpy
33 3
fl=./string/../sysdeps/x86_64/multiarch/stpncpy.c
fn=stpncpy
31 3
fl=./string/../sysdeps/x86_64/multiarch/strcasecmp.c
fn=strcasecmp
31 3
fl=./string/../sysdeps/x86_64/multiarch/strcasecmp_l.c
fn=strcasecmp_l
31 3
fl=./string/../sysdeps/x86_64/multiarch/strcat.c
fn=strcat
29 3
fl=./string/../sysdeps/x86_64/multiarch/strchr-avx2.S
fn=__strchr_avx2
53 2
55 2
56 2
57 2
58 2
59 2
62 2
63 2
67 2
68 2
69 2
70 2
71 2
72 2
73 2
74 2
77 2
85 2
93 2
94 4
fn=__strchrnul_avx2
53 1299582
55 1299582
56 1299582
57 1299582
58 1299582
59 1299582
62 1299582
63 1299582
67 1299582
68 1299582
69 1299582
70 1299582
71 1299582
72 1299582
73 1299582
74 1299582
87 1299582
89 2599164
fl=./string/../sysdeps/x86_64/multiarch/strchr.c
fn=index
42 4
43 2
44 3
47 2
48 2
51 3
54 3
65 3
fl=./string/../sysdeps/x86_64/multiarch/strchrnul.c
fn=strchrnul
31 3
fl=./string/../sysdeps/x86_64/multiarch/strcmp-avx2.S
fn=__strncmp_avx2
206 6
230 6
235 6
249 6
274 6
275 6
276 6
278 6
279 6
283 4
287 4
289 4
291 4
294 4
296 4
297 4
308 4
318 4
319 4
322 4
326 8
331 4
332 4
333 4
957 2
958 2
959 2
960 2
962 2
965 2
966 2
993 2
994 2
995 2
996 2
997 2
998 2
1000 2
1047 2
1048 2
1051 2
1052 2
1053 2
1056 4
1063 2
1064 2
1065 2
1066 2
1076 2
1077 2
1080 2
1081 2
1082 2
1083 2
1089 2
1091 2
1094 2
1095 2
fl=./string/../sysdeps/x86_64/multiarch/strcmp.c
fn=strcmp
47 4
48 2
49 3
52 2
53 2
56 3
59 3
79 3
fl=./string/../sysdeps/x86_64/multiarch/strcpy.c
fn=strcpy
29 3
fl=./string/../sysdeps/x86_64/multiarch/strcspn.c
fn=strcspn
29 2
fl=./string/../sysdeps/x86_64/multiarch/strlen-avx2.S
fn=__strlen_avx2
52 17088
65 17088
66 17088
67 17088
70 17088
72 17088
73 17088
76 17088
77 17088
85 17088
86 17088
87 17088
92 34176
fl=./string/../sysdeps/x86_64/multiarch/strlen.c
fn=strlen
29 6
fl=./string/../sysdeps/x86_64/multiarch/strncase.c
fn=strncasecmp
31 3
fl=./string/../sysdeps/x86_64/multiarch/strncase_l.c
fn=strncasecmp_l
31 3
fl=./string/../sysdeps/x86_64/multiarch/strncmp.c
fn=strncmp
43 4
44 2
45 3
48 2
49 2
52 3
55 5
67 3
fl=./string/../sysdeps/x86_64/multiarch/strncpy.c
fn=strncpy
29 3
fl=./string/../sysdeps/x86_64/multiarch/strnlen.c
fn=strnlen
31 6
fl=./string/../sysdeps/x86_64/multiarch/strpbrk.c
fn=strpbrk
29 2
fl=./string/../sysdeps/x86_64/multiarch/strrchr-avx2.S
fn=__strrchr_avx2
53 1
54 1
55 1
57 1
58 1
62 1
63 1
64 1
67 1
69 1
70 1
71 1
72 1
75 1
76 1
78 1
79 1
80 1
81 1
82 1
91 2
fl=./string/../sysdeps/x86_64/multiarch/strrchr.c
fn=rindex
28 3
fl=./string/../sysdeps/x86_64/multiarch/strspn.c
fn=strspn
29 2
fl=./string/./string/strdup.c
fn=strdup
40 36
41 12
44 12
47 24
48 18
fl=./time/../sysdeps/unix/sysv/linux/clock_gettime.c
fn=clock_gettime@@GLIBC_2.17
30 162449
38 324898
40 324898
44 324898
68 324898
69 324898
fl=./time/../sysdeps/unix/sysv/linux/setitimer.c
fn=setitimer
29 2
31 8
60 2
fl=./wcsmbs/../sysdeps/x86_64/multiarch/ifunc-avx2.h
fn=wcschr
38 8
40 6
41 4
42 6
45 4
46 4
49 6
52 12
fn=wcscmp
38 4
40 3
41 2
42 3
45 2
46 2
49 3
52 6
fl=./wcsmbs/../sysdeps/x86_64/multiarch/ifunc-evex.h
fn=wmemchr
37 8
38 6
39 6
42 4
43 4
45 4
51 6
54 8
fl=./wcsmbs/../sysdeps/x86_64/multiarch/ifunc-memcmp.h
fn=wmemcmp
34 5
35 2
36 2
37 3
40 2
41 2
44 3
47 4
fl=./wcsmbs/../sysdeps/x86_64/multiarch/ifunc-wcs.h
fn=wcpncpy
39 4
40 3
41 3
44 2
45 3
48 4
fn=wcscat
39 4
40 3
41 3
44 2
45 3
48 4
fn=wcsncpy
39 4
40 3
41 3
44 2
45 3
48 4
fl=./wcsmbs/../sysdeps/x86_64/multiarch/ifunc-wcslen.h
fn=wcslen
40 4
41 2
42 3
45 2
46 2
49 3
52 3
fn=wcsnlen
40 4
41 2
42 3
45 2
46 2
49 3
52 3
fl=./wcsmbs/../sysdeps/x86_64/multiarch/ifunc-wmemset.h
fn=wmemset
36 10
37 6
fl=./wcsmbs/../sysdeps/x86_64/multiarch/wcpcpy.c
fn=wcpncpy
31 1
fl=./wcsmbs/../sysdeps/x86_64/multiarch/wcpncpy.c
fn=wcpncpy
31 1
fl=./wcsmbs/../sysdeps/x86_64/multiarch/wcscat.c
fn=wcscat
31 2
fn=wcschr
31 2
fl=./wcsmbs/../sysdeps/x86_64/multiarch/wcschr.c
fn=wcschr
31 4
fl=./wcsmbs/../sysdeps/x86_64/multiarch/wcscmp.c
fn=wcscmp
30 3
fl=./wcsmbs/../sysdeps/x86_64/multiarch/wcscpy.c
fn=wcscpy
42 4
43 2
44 3
46 2
47 3
50 3
60 2
fl=./wcsmbs/../sysdeps/x86_64/multiarch/wcslen.c
fn=wcslen
29 3
fl=./wcsmbs/../sysdeps/x86_64/multiarch/wcsncpy.c
fn=wcsncpy
31 2
fl=./wcsmbs/../sysdeps/x86_64/multiarch/wcsnlen.c
fn=wcsnlen
30 3
fl=./wcsmbs/../sysdeps/x86_64/multiarch/wmemchr.c
fn=wmemchr
31 4
fl=./wcsmbs/../sysdeps/x86_64/multiarch/wmemcmp.c
fn=wmemcmp
29 4
fl=./wcsmbs/../sysdeps/x86_64/multiarch/wmemset.c
fn=wmemset
31 4
fl=./wcsmbs/./wcsmbs/btowc.c
fn=btowc
32 2560
37 1792
42 512
46 384
47 256
48 256
52 512
55 1152
94 1792
fl=./wcsmbs/./wcsmbs/wctob.c
fn=wctob
30 1280
39 384
44 256
45 128
79 1152
fl=./wcsmbs/./wcsmbsload.h
fn=btowc
69 128
70 384
fl=./wctype/./wctype/wctype_l.c
fn=wctype_l
26 110
29 20
32 30
33 68
35 174
37 410
40 48
41 96
45 20
46 10
47 80
fl=/home/yuriwada/tp01/tp/include/ordalg.hpp
fn=OrdAlg::GetElements()
38 30
fn=OrdAlg::OrdAlg(Pessoa*, int)
20 17
fl=/home/yuriwada/tp01/tp/include/ordind.hpp
fn=OrdInd::GetElements()
31 10
fn=OrdInd::GetLines()
30 10
fn=OrdInd::OrdInd(char**)
23 41
fn=OrdInd::SetElements(Pessoa*)
33 39
fn=OrdInd::~OrdInd()
26 8096
fl=/home/yuriwada/tp01/tp/src/../include/pessoa.hpp
fn=Pessoa::Pessoa()
15 24000
fn=Pessoa::Pessoa(Pessoa const&)
6 1033866
fn=Pessoa::operator=(Pessoa const&)
6 1958904
fn=Pessoa::operator=(Pessoa&&)
6 36000
fn=Pessoa::~Pessoa()
6 700968
fl=/home/yuriwada/tp01/tp/src/aux.cpp
fn=Aux::CompareByEnd(Pessoa const&, Pessoa const&)
72 184833
73 403272
74 100818
fn=Aux::CompareByID(Pessoa const&, Pessoa const&)
63 184800
64 403200
65 100800
fn=Aux::CompareByName(Pessoa const&, Pessoa const&)
54 185944
55 405696
56 101424
fn=Aux::StringLength(char const*)
9 6558786
10 1093131
11 8365763578
13 1193859790
15 1093131
16 2186262
fn=Aux::Swap(Pessoa&, Pessoa&)
81 299277
83 136035
84 136035
85 136035
86 244863
fl=/home/yuriwada/tp01/tp/src/memlog.cpp
fn=ativaMemLog()
40 4
41 1
42 1
43 2
fn=clkDifMemLog(timespec, timespec, timespec*)
10 2436720
11 649792
12 345162
13 345162
15 524605
16 524605
18 544871
fn=defineFaseMemLog(int)
50 42
51 14
52 7
53 14
fn=escreveMemLog(long, long, int)
70 642631
71 175263
74 525789
76 525789
77 175263
79 1051578
81 116842
82 58421
83 292105
fn=finalizaMemLog()
85 8
87 9
89 9
90 3
92 16
94 2
96 7
101 1
102 1
103 5
fn=iniciaMemLog(char const*)
20 6
21 6
22 3
26 1
27 1
28 1
29 1
31 9
37 1
38 2
fn=leMemLog(long, long, int)
55 1144286
56 312078
59 936234
61 936234
62 312078
64 1872468
66 208052
67 104026
68 520130
fl=/home/yuriwada/tp01/tp/src/ordalg.cpp
fn=OrdAlg::Heapify(int, int, bool (*)(Pessoa const&, Pessoa const&))
169 258363
170 57414
171 114828
172 114828
174 86121
176 328445
177 328445
178 480035
179 46658
182 86121
184 328146
185 328146
186 479598
187 23382
190 86121
192 314730
193 314730
194 363150
195 145260
197 86121
fn=OrdAlg::Heapsort(bool (*)(Pessoa const&, Pessoa const&))
204 21
205 9
207 4530
209 9000
212 9009
214 26973
215 38961
216 32967
217 20979
219 12
fl=/home/yuriwada/tp01/tp/src/ordind.cpp
fn=OrdInd::ReadFile()
9 12
10 2
13 6
14 6
20 3
23 5
24 7
27 48
28 16
30 6
33 26
35 20
36 244
39 264
41 40
42 52
43 20
44 4
48 240
54 5
55 7
58 6024
59 14
62 47
63 13
66 7006
68 6000
69 1000
70 5000
73 10932070
75 12013177
77 30000
78 39000
79 15000
80 6000
84 13069284
87 10000
90 5000
91 6000
92 6000
93 6000
95 53000
96 13000
99 26000
101 40000
103 15000
106 39
109 3
110 20
fn=OrdInd::SortedPrint() const
116 30
117 6
120 30
123 78
125 156
126 228
130 30
133 15018
135 39000
136 39000
137 39000
138 39000
139 144000
140 12000
142 21
fl=/home/yuriwada/tp01/tp/src/pessoa.cpp
fn=Pessoa::GetEnd[abi:cxx11]() const
17 585696
fn=Pessoa::GetID[abi:cxx11]() const
16 585600
fn=Pessoa::GetName[abi:cxx11]() const
15 552120
fn=Pessoa::GetOthers[abi:cxx11]() const
18 48000
fn=Pessoa::Pessoa(std::__cxx11::basic_string<char, std::char_traits<char>, std::allocator<char> >, std::__cxx11::basic_string<char, std::char_traits<char>, std::allocator<char> >, std::__cxx11::basic_string<char, std::char_traits<char>, std::allocator<char> >, std::__cxx11::basic_string<char, std::char_traits<char>, std::allocator<char> >)
4 11000
8 5000
9 6000
10 6000
11 6000
12 4000
fl=/home/yuriwada/tp01/tp/tp1.cpp
fn=main
9 11
11 3
12 1
15 5
16 3
19 13
22 2
23 5
24 8
25 3
28 2
29 5
30 8
31 3
34 2
35 5
36 8
37 3
82 1
84 1
85 10
fl=/usr/include/c++/13/bits/allocator.h
fn=OrdInd::OrdInd(char**)
163 1
184 4
fn=OrdInd::ReadFile()
163 1001
184 4004
fl=/usr/include/c++/13/bits/basic_string.h
fn=bool std::operator< <char, std::char_traits<char>, std::allocator<char> >(std::__cxx11::basic_string<char, std::char_traits<char>, std::allocator<char> > const&, std::__cxx11::basic_string<char, std::char_traits<char>, std::allocator<char> > const&)
3829 353549
3832 404056
fn=std::__cxx11::stoi(std::__cxx11::basic_string<char, std::char_traits<char>, std::allocator<char> > const&, unsigned long*, int)
4121 42
4122 4
fl=/usr/include/c++/13/bits/new_allocator.h
fn=OrdInd::OrdInd(char**)
88 1
fn=OrdInd::ReadFile()
88 1001
fn=std::__new_allocator<char>::~__new_allocator()
104 9018
fl=/usr/include/c++/13/ext/string_conversions.h
fn=__gnu_cxx::__stoa<long, int, char, int>(long (*)(char const*, char**, int), char const*, char const*, unsigned long*, int)::_Range_chk::_S_chk(long, std::integral_constant<bool, true>)
75 12
78 14
79 4
fn=__gnu_cxx::__stoa<long, int, char, int>(long (*)(char const*, char**, int), char const*, char const*, unsigned long*, int)::_Save_errno::_Save_errno()
65 30
fn=__gnu_cxx::__stoa<long, int, char, int>(long (*)(char const*, char**, int), char const*, char const*, unsigned long*, int)::_Save_errno::~_Save_errno()
66 34
fn=int __gnu_cxx::__stoa<long, int, char, int>(long (*)(char const*, char**, int), char const*, char const*, unsigned long*, int)
56 28
68 6
82 16
84 6
86 8
87 16
90 4
92 4
95 4
96 18
fl=???
fn=(below main)
0 12
fn=???
0 22462972
fn=__cpu_indicator_init
0 367
fn=__gmon_start__
0 33
fn=__gnu_cxx::stdio_sync_filebuf<char, std::char_traits<char> >::overflow(int)
0 21126
fn=__gnu_cxx::stdio_sync_filebuf<char, std::char_traits<char> >::sync()
0 9054
fn=__gnu_cxx::stdio_sync_filebuf<char, std::char_traits<char> >::xsputn(char const*, long)
0 126180
fn=atexit
0 4
fn=operator delete(void*)
0 352896
fn=operator delete[](void*)
0 8
fn=operator new(unsigned long)
0 2823168
fn=operator new[](unsigned long)
0 8
fn=std::__basic_file<char>::__basic_file(pthread_mutex_t*)
0 4
fn=std::__basic_file<char>::close()
0 33
fn=std::__basic_file<char>::fd()
0 402
fn=std::__basic_file<char>::is_open() const
0 32
fn=std::__basic_file<char>::open(char const*, std::_Ios_Openmode, int)
0 32
fn=std::__basic_file<char>::xsgetn(char*, long)
0 3618
fn=std::__basic_file<char>::~__basic_file()
0 6
fn=std::__cxx11::basic_string<char, std::char_traits<char>, std::allocator<char> >::_M_append(char const*, unsigned long)
0 35316
fn=std::__cxx11::basic_string<char, std::char_traits<char>, std::allocator<char> >::_M_assign(std::__cxx11::basic_string<char, std::char_traits<char>, std::allocator<char> > const&)
0 10500378
fn=std::__cxx11::basic_string<char, std::char_traits<char>, std::allocator<char> >::_M_create(unsigned long&, unsigned long)
0 2156096
fn=std::__cxx11::basic_string<char, std::char_traits<char>, std::allocator<char> >::_M_mutate(unsigned long, unsigned long, char const*, unsigned long)
0 462134
fn=std::__cxx11::basic_string<char, std::char_traits<char>, std::allocator<char> >::_M_replace(unsigned long, unsigned long, char const*, unsigned long)
0 365222
fn=std::__cxx11::basic_string<char, std::char_traits<char>, std::allocator<char> >::basic_string()
0 24054
fn=std::__cxx11::basic_string<char, std::char_traits<char>, std::allocator<char> >::basic_string(char const*, std::allocator<char> const&)
0 20040
fn=std::__cxx11::basic_string<char, std::char_traits<char>, std::allocator<char> >::basic_string(std::__cxx11::basic_string<char, std::char_traits<char>, std::allocator<char> > const&)
0 1870736
fn=std::__cxx11::basic_string<char, std::char_traits<char>, std::allocator<char> >::c_str() const
0 3279399
fn=std::__cxx11::basic_string<char, std::char_traits<char>, std::allocator<char> >::compare(std::__cxx11::basic_string<char, std::char_traits<char>, std::allocator<char> > const&) const
0 1060647
fn=std::__cxx11::basic_string<char, std::char_traits<char>, std::allocator<char> >::operator+=(char)
0 31656828
fn=std::__cxx11::basic_string<char, std::char_traits<char>, std::allocator<char> >::operator=(char const*)
0 126072
fn=std::__cxx11::basic_string<char, std::char_traits<char>, std::allocator<char> >::operator=(std::__cxx11::basic_string<char, std::char_traits<char>, std::allocator<char> > const&)
0 2438260
fn=std::__cxx11::basic_string<char, std::char_traits<char>, std::allocator<char> >::operator=(std::__cxx11::basic_string<char, std::char_traits<char>, std::allocator<char> >&&)
0 126030
fn=std::__cxx11::basic_string<char, std::char_traits<char>, std::allocator<char> >::operator[](unsigned long)
0 8725032
fn=std::__cxx11::basic_string<char, std::char_traits<char>, std::allocator<char> >::~basic_string()
0 1600875
fn=std::__cxx11::messages<char>::messages(unsigned long)
0 21
fn=std::__cxx11::messages<wchar_t>::messages(unsigned long)
0 21
fn=std::__cxx11::moneypunct<char, false>::_M_initialize_moneypunct(__locale_struct*, char const*)
0 114
fn=std::__cxx11::moneypunct<char, true>::_M_initialize_moneypunct(__locale_struct*, char const*)
0 115
fn=std::__cxx11::moneypunct<wchar_t, false>::_M_initialize_moneypunct(__locale_struct*, char const*)
0 109
fn=std::__cxx11::moneypunct<wchar_t, true>::_M_initialize_moneypunct(__locale_struct*, char const*)
0 109
fn=std::__cxx11::numpunct<char>::_M_initialize_numpunct(__locale_struct*)
0 417
fn=std::__cxx11::numpunct<wchar_t>::_M_initialize_numpunct(__locale_struct*)
0 353
fn=std::__timepunct<char>::_M_initialize_timepunct(__locale_struct*)
0 132
fn=std::__timepunct<char>::__timepunct(std::__timepunct_cache<char>*, unsigned long)
0 24
fn=std::__timepunct<wchar_t>::_M_initialize_timepunct(__locale_struct*)
0 129
fn=std::__timepunct<wchar_t>::__timepunct(std::__timepunct_cache<wchar_t>*, unsigned long)
0 24
fn=std::basic_filebuf<char, std::char_traits<char> >::_M_allocate_internal_buffer()
0 18
fn=std::basic_filebuf<char, std::char_traits<char> >::_M_destroy_internal_buffer()
0 24
fn=std::basic_filebuf<char, std::char_traits<char> >::_M_terminate_output()
0 30
fn=std::basic_filebuf<char, std::char_traits<char> >::basic_filebuf()
0 50
fn=std::basic_filebuf<char, std::char_traits<char> >::close()
0 79
fn=std::basic_filebuf<char, std::char_traits<char> >::open(char const*, std::_Ios_Openmode)
0 49
fn=std::basic_filebuf<char, std::char_traits<char> >::underflow()
0 9112
fn=std::basic_ifstream<char, std::char_traits<char> >::basic_ifstream(std::__cxx11::basic_string<char, std::char_traits<char>, std::allocator<char> > const&, std::_Ios_Openmode)
0 60
fn=std::basic_ifstream<char, std::char_traits<char> >::close()
0 13
fn=std::basic_ifstream<char, std::char_traits<char> >::is_open()
0 3
fn=std::basic_ifstream<char, std::char_traits<char> >::~basic_ifstream()
0 33
fn=std::basic_ios<char, std::char_traits<char> >::_M_cache_locale(std::locale const&)
0 192
fn=std::basic_ios<char, std::char_traits<char> >::clear(std::_Ios_Iostate)
0 7
fn=std::basic_ios<char, std::char_traits<char> >::init(std::basic_streambuf<char, std::char_traits<char> >*)
0 144
fn=std::basic_ios<wchar_t, std::char_traits<wchar_t> >::_M_cache_locale(std::locale const&)
0 128
fn=std::basic_ios<wchar_t, std::char_traits<wchar_t> >::init(std::basic_streambuf<wchar_t, std::char_traits<wchar_t> >*)
0 96
fn=std::basic_istream<char, std::char_traits<char> >& std::getline<char, std::char_traits<char>, std::allocator<char> >(std::basic_istream<char, std::char_traits<char> >&, std::__cxx11::basic_string<char, std::char_traits<char>, std::allocator<char> >&)
0 25156
fn=std::basic_istream<char, std::char_traits<char> >& std::getline<char, std::char_traits<char>, std::allocator<char> >(std::basic_istream<char, std::char_traits<char> >&, std::__cxx11::basic_string<char, std::char_traits<char>, std::allocator<char> >&, char)
0 112150
fn=std::basic_ostream<char, std::char_traits<char> >& std::__ostream_insert<char, std::char_traits<char> >(std::basic_ostream<char, std::char_traits<char> >&, char const*, long)
0 1198368
fn=std::basic_ostream<char, std::char_traits<char> >& std::endl<char, std::char_traits<char> >(std::basic_ostream<char, std::char_traits<char> >&)
0 63378
fn=std::basic_ostream<char, std::char_traits<char> >& std::operator<< <char, std::char_traits<char>, std::allocator<char> >(std::basic_ostream<char, std::char_traits<char> >&, std::__cxx11::basic_string<char, std::char_traits<char>, std::allocator<char> > const&)
0 48048
fn=std::basic_ostream<char, std::char_traits<char> >& std::operator<< <std::char_traits<char> >(std::basic_ostream<char, std::char_traits<char> >&, char const*)
0 180240
fn=std::codecvt<char, char, __mbstate_t>::codecvt(unsigned long)
0 19
fn=std::codecvt<char, char, __mbstate_t>::do_always_noconv() const
0 402
fn=std::codecvt<wchar_t, char, __mbstate_t>::codecvt(unsigned long)
0 19
fn=std::ctype<char>::_M_widen_init() const
0 754
fn=std::ctype<char>::ctype(unsigned short const*, bool, unsigned long)
0 121
fn=std::ctype<wchar_t>::_M_convert_to_wmask(unsigned short) const
0 146
fn=std::ctype<wchar_t>::_M_initialize_ctype()
0 2736
fn=std::ctype<wchar_t>::ctype(unsigned long)
0 21
fn=std::error_category::error_category()
0 10
fn=std::future_category()
0 3
fn=std::ios_base::Init::Init()
0 272
fn=std::ios_base::_M_call_callbacks(std::ios_base::event)
0 16
fn=std::ios_base::_M_dispose_callbacks()
0 18
fn=std::ios_base::_M_init()
0 280
fn=std::ios_base::ios_base()
0 540
fn=std::ios_base::~ios_base()
0 21
fn=std::istream::sentry::sentry(std::istream&, bool)
0 29174
fn=std::locale::_Impl::_Impl(unsigned long)
0 673
fn=std::locale::_Impl::_M_install_facet(std::locale::id const*, std::locale::facet const*)
0 12192
fn=std::locale::facet::_S_create_c_locale(__locale_struct*&, char const*, __locale_struct*)
0 14
fn=std::locale::facet::_S_get_c_locale()
0 210
fn=std::locale::facet::_S_get_c_name()
0 21
fn=std::locale::id::_M_id() const
0 1026
fn=std::locale::locale()
0 572
fn=std::locale::locale(std::locale::_Impl*)
0 3
fn=std::locale::operator=(std::locale const&)
0 230
fn=std::locale::~locale()
0 144
fn=std::messages<char>::messages(unsigned long)
0 21
fn=std::messages<wchar_t>::messages(unsigned long)
0 21
fn=std::moneypunct<char, false>::_M_initialize_moneypunct(__locale_struct*, char const*)
0 114
fn=std::moneypunct<char, true>::_M_initialize_moneypunct(__locale_struct*, char const*)
0 115
fn=std::moneypunct<wchar_t, false>::_M_initialize_moneypunct(__locale_struct*, char const*)
0 109
fn=std::moneypunct<wchar_t, true>::_M_initialize_moneypunct(__locale_struct*, char const*)
0 109
fn=std::num_put<char, std::ostreambuf_iterator<char, std::char_traits<char> > >::do_put(std::ostreambuf_iterator<char, std::char_traits<char> >, std::ios_base&, char, long) const
0 18
fn=std::numpunct<char>::_M_initialize_numpunct(__locale_struct*)
0 417
fn=std::numpunct<wchar_t>::_M_initialize_numpunct(__locale_struct*)
0 353
fn=std::ostream& std::ostream::_M_insert<long>(long)
0 362
fn=std::ostream::flush()
0 123738
fn=std::ostream::operator<<(int)
0 66
fn=std::ostream::operator<<(std::ostream& (*)(std::ostream&))
0 6036
fn=std::ostream::put(char)
0 132792
fn=std::ostream::sentry::sentry(std::ostream&)
0 595452
fn=std::ostreambuf_iterator<char, std::char_traits<char> > std::num_put<char, std::ostreambuf_iterator<char, std::char_traits<char> > >::_M_insert_int<long>(std::ostreambuf_iterator<char, std::char_traits<char> >, std::ios_base&, char, long) const
0 552
fn=void std::__cxx11::basic_string<char, std::char_traits<char>, std::allocator<char> >::_M_construct<char const*>(char const*, char const*, std::forward_iterator_tag)
0 32072
fn=void std::__cxx11::basic_string<char, std::char_traits<char>, std::allocator<char> >::_M_construct<char*>(char*, char*, std::forward_iterator_tag)
0 9286585
summary: 10353834515
